1
6
7
7
7
8
8
8
9
10
11
11
14
15
16
18
19
20
21
25
25
26
27
27
27
28
29
32
35
37
37
37
39
39
40
41
41
41
41
43
43
43
45
45
45
46
47
47
47
48
51
52
53
54
54
54
54
55
57
58
58
58
59
62
62
62
62
62
64
64
64
65
65
66
67
70
71
71
73
73
75
75
75
77
77
78
81
82
83
84
84
85
86
89
89
90
91
91
91
92
92
94
95
95
96
96
96
96
96
96
97
97
98
98
99
100
100
101
101
103
104
104
105
106
108
108
108
109
110
111
111
113
114
114
114
118
118
119
120
121
122
123
125
125
125
125
126
127
127
128
129
130
131
131
132
134
134
135
135
135
135
136
137
139
140
141
141
143
143
143
144
144
144
144
149
149
151
151
152
152
152
156
156
157
157
157
158
158
158
159
160
160
161
161
161
163
163
163
164
165
165
165
166
167
169
170
172
172
174
174
175
175
176
176
177
177
180
181
181
181
183
184
184
185
185
185
187
188
189
190
191
192
192
192
192
192
193
193
194
195
195
197
197
198
200
200
201
201
202
204
205
205
206
206
206
206
207
208
209
209
210
210
210
210
211
211
211
211
211
212
212
213
213
214
216
216
217
218
218
219
220
221
221
221
223
223
224
226
226
226
227
229
231
233
234
234
236
236
236
236
237
237
237
238
238
238
241
241
242
242
245
246
246
247
250
251
251
252
252
253
253
254
254
257
257
258
260
260
262
262
264
265
265
266
266
267
269
269
270
272
275
276
276
277
278
278
278
279
279
280
280
281
281
281
281
282
284
284
285
286
287
287
287
287
288
288
288
289
290
290
291
291
292
292
292
293
294
294
296
296
297
298
298
298
298
299
301
301
301
302
303
303
303
303
307
307
307
307
308
308
309
310
311
312
313
313
313
314
315
317
318
318
320
320
323
324
324
325
326
327
327
328
329
329
329
333
336
338
340
340
343
344
344
345
345
348
348
348
349
349
349
350
350
351
355
356
358
358
358
359
360
361
361
365
365
368
372
372
374
374
375
376
376
377
378
378
378
379
379
380
381
381
382
384
385
385
386
386
387
388
390
390
391
391
392
393
394
395
395
395
396
396
396
396
398
400
400
401
402
404
404
405
406
408
408
409
409
409
410
411
414
414
415
415
415
416
420
421
424
424
426
426
428
428
429
431
432
432
432
433
433
434
434
435
435
436
437
437
437
438
439
439
440
440
441
441
441
442
442
444
444
444
445
445
446
446
448
448
448
449
450
451
453
454
455
457
458
460
460
460
460
461
462
462
462
462
463
463
464
464
464
465
465
466
468
469
470
471
472
472
472
472
474
476
476
476
477
479
479
480
481
481
482
484
485
485
488
488
491
491
492
492
492
492
493
494
495
495
495
496
497
497
499
499
499
500
501
502
502
504
505
508
509
509
510
511
512
514
515
515
516
516
516
517
517
518
518
519
521
523
524
528
529
529
529
530
530
530
532
532
532
534
534
534
535
535
536
537
537
540
541
542
542
544
544
544
544
544
545
546
546
546
547
547
548
549
551
551
553
554
555
556
556
557
557
558
558
558
558
558
559
561
561
563
563
563
567
568
569
570
570
571
571
573
573
573
574
574
576
577
577
580
581
581
581
582
582
582
583
584
584
584
586
587
587
588
588
589
589
590
591
591
591
592
593
593
593
593
594
596
596
597
597
597
597
598
599
600
600
600
600
602
604
605
608
608
609
609
610
610
611
612
612
612
612
612
613
613
613
614
615
615
615
615
615
616
616
617
617
617
618
618
619
622
622
623
624
625
625
625
626
627
628
628
628
629
630
631
631
632
632
632
634
634
635
635
635
636
637
637
638
638
639
640
642
642
643
644
646
646
648
648
649
650
651
651
651
653
653
653
655
656
658
658
659
661
661
661
662
662
663
665
665
667
667
669
670
671
671
672
672
673
673
675
675
676
677
678
678
679
679
680
680
681
682
682
685
685
685
686
687
688
689
690
690
691
691
691
692
693
693
694
694
695
696
696
697
697
699
700
701
701
702
703
703
704
705
705
706
707
707
707
708
709
710
711
712
712
713
713
714
714
714
715
715
715
716
717
717
717
718
718
719
719
722
723
723
724
724
726
726
726
728
729
729
730
732
733
733
734
734
735
735
736
736
737
737
737
737
738
738
739
739
739
740
740
740
741
743
743
743
744
746
747
747
748
751
751
751
752
752
753
754
756
757
757
757
758
758
760
760
762
763
764
764
765
767
768
770
770
770
771
771
773
774
776
778
779
780
780
780
780
781
782
782
783
784
786
786
786
787
788
790
790
790
792
792
792
792
793
793
794
794
794
795
795
795
796
796
797
797
797
798
799
799
801
802
802
803
805
806
807
807
809
809
811
812
812
814
816
816
816
818
818
819
820
821
822
822
824
824
825
825
825
825
831
833
836
836
836
837
838
838
838
838
838
839
839
839
839
840
841
841
841
841
843
843
846
847
847
847
848
849
850
850
850
851
851
851
852
852
853
854
856
858
859
859
860
861
861
861
866
866
866
866
869
869
870
871
872
872
874
875
876
876
877
877
878
878
878
878
879
880
880
880
880
881
882
882
883
884
885
886
887
888
888
890
891
895
895
895
895
898
899
900
900
901
902
902
902
902
903
903
904
906
907
907
912
913
914
914
914
916
917
917
918
918
920
920
923
923
924
926
926
927
927
929
929
929
929
930
931
932
932
932
934
935
935
935
936
937
938
938
938
939
939
940
942
942
943
943
943
943
944
944
944
945
946
946
946
946
947
948
948
951
952
952
953
954
957
957
958
960
961
961
963
964
964
964
965
965
966
966
966
967
967
967
968
968
969
969
970
971
974
974
975
975
975
976
976
977
979
980
980
980
981
982
983
985
986
987
987
987
988
989
989
990
990
991
991
992
993
994
994
995
996
998
999
1001
1001
1001
1001
1001
1002
1004
1004
1004
1005
1005
1006
1007
1008
1010
1011
1013
1014
1015
1015
1016
1017
1018
1018
1018
1018
1019
1020
1020
1020
1021
1021
1022
1023
1023
1024
1025
1028
1029
1029
1030
1031
1032
1033
1033
1034
1035
1036
1036
1036
1036
1037
1039
1040
1040
1040
1043
1043
1045
1045
1045
1045
1046
1046
1048
1049
1051
1051
1052
1052
1053
1053
1054
1055
1056
1058
1059
1059
1060
1060
1062
1063
1065
1065
1066
1067
1067
1070
1071
1072
1073
1074
1075
1075
1075
1077
1077
1077
1078
1079
1080
1081
1082
1083
1083
1083
1083
1086
1086
1087
1087
1088
1089
1089
1089
1090
1090
1091
1094
1095
1098
1100
1100
1100
1102
1102
1103
1106
1107
1107
1107
1108
1109
1109
1109
1109
1109
1110
1110
1111
1111
1112
1113
1114
1115
1116
1116
1117
1118
1118
1119
1120
1120
1121
1122
1122
1123
1123
1124
1124
1125
1125
1126
1126
1128
1129
1129
1130
1131
1132
1133
1133
1133
1134
1135
1135
1135
1139
1141
1141
1142
1143
1144
1147
1148
1148
1150
1151
1151
1153
1154
1154
1157
1159
1159
1159
1159
1159
1160
1160
1164
1165
1165
1166
1168
1168
1170
1170
1171
1171
1171
1171
1172
1173
1174
1175
1175
1175
1176
1177
1178
1179
1179
1180
1181
1184
1184
1184
1186
1187
1187
1187
1188
1189
1189
1190
1190
1190
1190
1191
1192
1193
1193
1196
1196
1197
1198
1199
1199
1201
1202
1202
1202
1203
1204
1205
1206
1206
1207
1207
1207
1207
1208
1208
1210
1212
1212
1214
1217
1220
1221
1222
1222
1225
1226
1228
1229
1229
1232
1232
1232
1232
1235
1235
1236
1236
1236
1237
1238
1238
1241
1241
1241
1242
1242
1245
1245
1246
1249
1249
1249
1252
1252
1252
1252
1258
1259
1259
1264
1268
1269
1270
1272
1273
1273
1275
1275
1275
1277
1278
1279
1279
1280
1281
1282
1283
1284
1284
1284
1285
1286
1287
1288
1288
1288
1289
1289
1290
1291
1291
1293
1293
1293
1295
1296
1297
1297
1297
1298
1298
1298
1298
1299
1300
1300
1301
1302
1304
1304
1305
1306
1306
1308
1309
1310
1313
1314
1316
1317
1317
1321
1321
1324
1325
1325
1325
1325
1328
1330
1330
1331
1332
1333
1333
1334
1334
1335
1336
1337
1337
1339
1339
1339
1342
1342
1343
1344
1345
1345
1346
1347
1348
1349
1350
1350
1352
1353
1354
1355
1355
1355
1358
1358
1358
1361
1362
1364
1366
1369
1369
1370
1372
1373
1373
1373
1375
1377
1377
1378
1380
1380
1381
1381
1382
1382
1382
1383
1383
1384
1385
1385
1386
1386
1387
1387
1388
1389
1389
1389
1391
1392
1393
1393
1394
1394
1394
1394
1395
1395
1396
1397
1397
1399
1402
1402
1403
1405
1405
1406
1406
1406
1407
1407
1408
1410
1410
1411
1412
1412
1412
1412
1412
1414
1415
1417
1418
1418
1418
1420
1420
1423
1424
1424
1424
1425
1426
1427
1428
1428
1429
1429
1431
1431
1432
1433
1436
1439
1440
1440
1440
1441
1442
1442
1443
1444
1447
1449
1450
1451
1452
1453
1453
1454
1455
1457
1457
1459
1459
1460
1460
1461
1462
1462
1463
1463
1464
1465
1466
1466
1466
1467
1469
1469
1470
1470
1471
1473
1474
1477
1477
1478
1480
1480
1481
1481
1483
1483
1485
1486
1488
1490
1491
1491
1492
1492
1492
1493
1494
1495
1496
1496
1499
1502
1505
1507
1507
1508
1508
1508
1509
1509
1509
1510
1510
1511
1511
1512
1513
1513
1514
1514
1515
1515
1516
1518
1519
1519
1520
1520
1521
1521
1521
1522
1523
1526
1526
1531
1534
1537
1537
1539
1541
1542
1543
1545
1547
1548
1549
1550
1550
1550
1551
1551
1552
1553
1553
1554
1554
1556
1559
1559
1560
1560
1560
1561
1562
1562
1562
1564
1564
1565
1566
1567
1567
1567
1567
1568
1568
1568
1569
1569
1570
1571
1571
1571
1571
1572
1572
1572
1573
1573
1575
1576
1576
1578
1578
1580
1581
1582
1582
1582
1583
1584
1585
1585
1585
1585
1586
1587
1588
1590
1590
1591
1591
1592
1593
1593
1593
1594
1594
1596
1597
1597
1597
1598
1598
1598
1599
1599
1601
1602
1603
1603
1604
1606
1606
1606
1606
1608
1609
1611
1612
1613
1613
1614
1615
1615
1616
1617
1618
1619
1620
1621
1621
1621
1622
1622
1623
1625
1625
1628
1628
1630
1631
1632
1633
1635
1635
1635
1636
1636
1636
1637
1637
1637
1637
1640
1640
1642
1643
1643
1645
1646
1646
1646
1647
1647
1648
1648
1651
1652
1654
1654
1656
1656
1657
1657
1657
1659
1660
1662
1662
1662
1662
1663
1664
1664
1664
1666
1666
1667
1669
1669
1669
1671
1672
1672
1674
1676
1677
1677
1680
1681
1681
1681
1681
1682
1683
1685
1686
1686
1688
1688
1688
1688
1691
1691
1692
1693
1694
1695
1695
1695
1697
1698
1699
1699
1700
1701
1705
1705
1705
1708
1710
1710
1710
1710
1712
1713
1714
1715
1715
1716
1716
1717
1717
1717
1718
1718
1720
1720
1721
1721
1723
1724
1725
1725
1727
1728
1729
1729
1731
1732
1733
1733
1733
1735
1737
1737
1737
1738
1740
1740
1742
1742
1742
1743
1743
1746
1746
1747
1747
1747
1747
1749
1752
1752
1753
1753
1754
1754
1754
1755
1756
1756
1756
1757
1757
1757
1758
1758
1761
1762
1763
1763
1763
1764
1765
1766
1767
1769
1769
1769
1770
1770
1770
1770
1774
1775
1776
1776
1776
1777
1778
1778
1778
1779
1780
1781
1782
1784
1784
1785
1785
1785
1787
1789
1790
1793
1794
1795
1795
1796
1797
1799
1799
1799
1801
1802
1802
1803
1803
1804
1805
1805
1805
1806
1807
1809
1809
1812
1814
1814
1815
1817
1819
1819
1819
1819
1822
1823
1824
1824
1824
1825
1825
1825
1829
1830
1830
1832
1833
1834
1834
1835
1838
1838
1838
1838
1839
1839
1839
1839
1840
1840
1840
1841
1842
1844
1845
1847
1847
1848
1849
1850
1851
1852
1853
1854
1854
1854
1855
1855
1855
1856
1857
1858
1859
1860
1861
1862
1863
1863
1865
1865
1865
1866
1868
1871
1871
1872
1873
1875
1876
1877
1877
1877
1877
1878
1879
1880
1882
1883
1883
1885
1886
1887
1887
1888
1888
1889
1890
1890
1892
1892
1892
1892
1892
1893
1894
1894
1895
1895
1896
1896
1897
1898
1898
1899
1900
1900
1900
1902
1903
1904
1904
1905
1905
1905
1907
1908
1910
1910
1911
1911
1911
1911
1912
1913
1915
1919
1920
1922
1924
1925
1926
1926
1926
1927
1927
1929
1930
1930
1931
1932
1932
1933
1933
1933
1936
1937
1938
1941
1941
1941
1941
1942
1943
1945
1947
1947
1948
1948
1950
1950
1950
1952
1953
1953
1953
1953
1954
1955
1955
1958
1958
1959
1960
1961
1961
1965
1967
1968
1969
1969
1970
1971
1972
1972
1972
1974
1974
1976
1977
1979
1979
1981
1982
1982
1983
1985
1985
1986
1988
1989
1989
1989
1990
1990
1990
1990
1991
1991
1991
1991
1992
1993
1994
1994
1995
1996
1997
1997
1998
1998
1999
2000
2000
2001
2001
2001
2002
2002
2003
2004
2005
2005
2005
2007
2007
2010
2011
2011
2012
2013
2014
2014
2014
2015
2016
2016
2017
2017
2017
2018
2018
2019
2019
2020
2020
2020
2021
2024
2025
2025
2026
2027
2027
2027
2030
2032
2032
2032
2033
2033
2034
2034
2035
2035
2035
2036
2037
2037
2037
2037
2037
2041
2043
2043
2043
2044
2045
2046
2046
2047
2047
2048
2048
2049
2050
2050
2050
2051
2051
2054
2054
2055
2056
2057
2057
2058
2058
2059
2060
2060
2062
2063
2063
2064
2064
2065
2066
2066
2066
2067
2069
2069
2070
2072
2073
2074
2074
2075
2075
2076
2076
2077
2077
2078
2079
2082
2082
2082
2084
2085
2085
2088
2088
2088
2089
2091
2092
2092
2092
2093
2094
2094
2094
2095
2097
2099
2101
2102
2102
2102
2104
2105
2105
2108
2109
2110
2112
2113
2113
2114
2114
2114
2116
2116
2118
2118
2120
2122
2124
2125
2126
2126
2127
2127
2127
2128
2128
2128
2128
2129
2130
2130
2130
2131
2131
2132
2132
2133
2133
2134
2134
2135
2136
2136
2136
2138
2138
2138
2139
2140
2141
2141
2142
2143
2143
2144
2145
2145
2146
2148
2149
2150
2150
2150
2152
2153
2155
2156
2157
2158
2159
2159
2159
2160
2161
2161
2162
2162
2162
2162
2166
2166
2167
2168
2170
2171
2171
2172
2172
2172
2173
2173
2175
2176
2176
2177
2178
2178
2178
2179
2179
2182
2182
2183
2184
2184
2185
2185
2192
2192
2194
2194
2195
2195
2195
2196
2196
2197
2197
2198
2198
2201
2201
2201
2201
2201
2202
2203
2204
2205
2208
2208
2208
2208
2208
2209
2210
2212
2212
2212
2212
2214
2214
2215
2215
2216
2217
2217
2220
2220
2220
2221
2221
2222
2223
2225
2226
2227
2227
2227
2229
2229
2230
2231
2231
2231
2232
2232
2233
2235
2238
2238
2238
2238
2239
2240
2240
2240
2240
2244
2245
2245
2245
2245
2246
2246
2246
2248
2250
2251
2252
2252
2253
2254
2254
2257
2257
2258
2260
2260
2263
2263
2263
2264
2264
2264
2266
2266
2266
2266
2267
2267
2268
2268
2269
2271
2273
2274
2275
2278
2279
2279
2279
2280
2280
2281
2283
2283
2283
2283
2285
2285
2286
2287
2288
2288
2289
2289
2290
2291
2291
2292
2292
2294
2295
2295
2296
2297
2297
2299
2299
2299
2300
2300
2302
2303
2303
2303
2303
2303
2304
2307
2307
2308
2309
2310
2310
2310
2311
2312
2313
2314
2315
2316
2317
2318
2318
2319
2320
2321
2321
2321
2323
2323
2324
2329
2330
2330
2331
2331
2333
2334
2335
2336
2339
2341
2342
2343
2343
2344
2344
2350
2350
2351
2352
2352
2353
2353
2354
2355
2355
2355
2355
2357
2357
2357
2359
2361
2362
2362
2362
2363
2365
2366
2366
2367
2368
2370
2371
2371
2371
2372
2373
2374
2376
2379
2379
2380
2381
2382
2383
2384
2385
2385
2385
2388
2390
2390
2390
2390
2392
2392
2393
2394
2394
2395
2396
2396
2396
2397
2397
2397
2399
2400
2401
2401
2402
2403
2404
2404
2404
2405
2405
2405
2406
2409
2411
2412
2412
2413
2416
2416
2417
2417
2417
2417
2417
2419
2419
2419
2420
2420
2420
2422
2424
2425
2426
2427
2427
2427
2428
2428
2428
2430
2430
2431
2431
2432
2433
2434
2435
2435
2436
2436
2436
2437
2437
2441
2442
2442
2443
2443
2444
2444
2446
2446
2446
2446
2448
2448
2451
2452
2454
2455
2456
2457
2458
2458
2459
2459
2460
2460
2460
2461
2462
2464
2464
2465
2466
2467
2468
2470
2470
2471
2471
2472
2475
2476
2476
2476
2480
2480
2481
2482
2483
2483
2485
2485
2486
2486
2486
2487
2490
2490
2491
2492
2493
2494
2494
2496
2496
2498
2501
2501
2505
2507
2507
2507
2508
2508
2509
2511
2514
2514
2515
2515
2516
2516
2516
2517
2518
2518
2520
2522
2522
2522
2523
2524
2524
2527
2527
2529
2531
2533
2534
2535
2535
2535
2537
2537
2538
2539
2539
2541
2541
2542
2543
2543
2544
2547
2547
2547
2547
2547
2548
2550
2551
2551
2551
2553
2554
2555
2555
2555
2556
2557
2558
2558
2559
2560
2562
2562
2562
2563
2564
2565
2566
2566
2566
2567
2567
2569
2569
2569
2570
2570
2571
2572
2574
2574
2574
2575
2575
2575
2576
2577
2578
2579
2579
2579
2580
2582
2584
2584
2585
2586
2586
2589
2589
2589
2589
2590
2592
2592
2594
2595
2595
2595
2595
2596
2596
2596
2597
2600
2602
2602
2604
2604
2604
2604
2606
2606
2609
2609
2609
2611
2612
2613
2615
2615
2616
2616
2616
2617
2617
2617
2618
2619
2620
2620
2621
2621
2623
2623
2624
2624
2625
2625
2626
2628
2631
2633
2633
2633
2635
2636
2636
2637
2637
2637
2638
2639
2640
2640
2641
2641
2642
2643
2643
2644
2645
2646
2647
2647
2649
2650
2650
2651
2652
2652
2653
2653
2653
2653
2653
2654
2655
2655
2657
2660
2660
2660
2661
2662
2662
2662
2663
2664
2664
2665
2665
2666
2667
2668
2670
2671
2671
2672
2672
2673
2675
2676
2676
2677
2678
2678
2678
2678
2681
2683
2684
2684
2684
2685
2686
2686
2686
2688
2690
2693
2695
2696
2697
2699
2699
2700
2700
2700
2701
2701
2703
2704
2704
2704
2705
2706
2707
2707
2709
2710
2710
2713
2713
2713
2713
2715
2716
2716
2718
2722
2723
2725
2725
2726
2726
2727
2727
2728
2728
2729
2730
2731
2731
2733
2734
2734
2734
2735
2736
2736
2736
2738
2738
2739
2739
2739
2743
2743
2744
2745
2745
2746
2746
2746
2748
2748
2749
2749
2750
2753
2753
2754
2754
2755
2756
2756
2758
2759
2759
2761
2763
2764
2766
2769
2770
2771
2778
2779
2779
2779
2780
2782
2782
2783
2783
2784
2784
2785
2786
2789
2791
2792
2793
2800
2802
2805
2805
2806
2808
2810
2811
2811
2811
2812
2812
2814
2815
2816
2817
2819
2820
2820
2820
2821
2824
2825
2826
2826
2826
2829
2830
2831
2832
2835
2838
2838
2842
2843
2845
2847
2852
2855
2855
2856
2856
2857
2857
2858
2859
2860
2861
2861
2862
2862
2862
2865
2865
2865
2868
2868
2870
2870
2871
2871
2871
2872
2872
2872
2872
2873
2873
2875
2876
2878
2880
2881
2882
2883
2887
2888
2891
2891
2893
2893
2894
2895
2896
2897
2898
2899
2899
2900
2903
2905
2906
2906
2907
2907
2909
2910
2910
2911
2911
2912
2913
2915
2917
2918
2918
2920
2920
2921
2922
2925
2925
2927
2927
2929
2932
2933
2933
2933
2934
2935
2936
2936
2937
2938
2938
2939
2940
2940
2943
2944
2944
2944
2945
2945
2951
2952
2952
2954
2955
2956
2958
2960
2960
2960
2962
2962
2963
2964
2965
2967
2968
2968
2971
2972
2972
2974
2976
2976
2977
2977
2978
2979
2980
2981
2986
2990
2991
2992
2992
2996
2996
2998
2999
2999
3001
3002
3002
3005
3007
3008
3011
3011
3011
3013
3014
3014
3014
3016
3020
3020
3022
3022
3022
3024
3026
3028
3029
3030
3030
3032
3035
3036
3036
3038
3039
3039
3040
3041
3041
3042
3043
3044
3045
3047
3047
3047
3048
3048
3051
3052
3053
3053
3053
3056
3057
3058
3059
3060
3060
3063
3063
3065
3066
3066
3066
3066
3068
3071
3071
3072
3074
3075
3075
3077
3078
3079
3079
3080
3080
3080
3082
3085
3085
3088
3088
3088
3089
3089
3089
3091
3091
3092
3093
3093
3094
3095
3097
3099
3102
3103
3104
3106
3107
3108
3109
3110
3111
3113
3115
3116
3117
3119
3121
3122
3123
3123
3124
3125
3127
3127
3127
3131
3131
3132
3133
3135
3136
3137
3137
3137
3138
3138
3139
3140
3140
3140
3140
3143
3143
3143
3146
3148
3156
3157
3159
3159
3159
3162
3163
3165
3165
3165
3165
3167
3168
3168
3169
3171
3172
3175
3176
3177
3178
3179
3180
3180
3182
3183
3184
3186
3186
3186
3188
3189
3189
3189
3190
3191
3193
3194
3196
3197
3198
3198
3201
3202
3203
3204
3205
3206
3206
3211
3211
3212
3212
3214
3214
3215
3216
3217
3217
3217
3218
3221
3226
3226
3228
3230
3231
3232
3234
3235
3236
3237
3237
3240
3242
3243
3244
3246
3247
3247
3247
3248
3248
3250
3250
3251
3251
3253
3253
3253
3253
3254
3254
3256
3259
3260
3260
3262
3263
3263
3265
3266
3267
3268
3269
3269
3271
3271
3272
3272
3275
3276
3276
3277
3278
3281
3281
3281
3281
3282
3284
3284
3285
3286
3287
3290
3290
3291
3292
3292
3292
3292
3293
3293
3293
3294
3295
3295
3301
3303
3303
3304
3304
3305
3306
3307
3309
3310
3311
3312
3314
3316
3316
3317
3319
3321
3324
3324
3325
3326
3327
3328
3328
3333
3334
3335
3335
3335
3337
3338
3338
3340
3343
3344
3345
3346
3347
3349
3350
3352
3354
3354
3355
3356
3356
3362
3366
3369
3369
3370
3372
3372
3372
3373
3373
3374
3375
3380
3381
3383
3384
3384
3385
3388
3388
3388
3389
3389
3390
3393
3393
3393
3394
3394
3395
3395
3400
3400
3402
3403
3403
3404
3404
3405
3406
3408
3413
3414
3414
3414
3418
3419
3420
3421
3421
3421
3421
3422
3422
3423
3423
3424
3427
3429
3430
3430
3430
3431
3432
3434
3434
3435
3436
3436
3437
3437
3438
3438
3439
3439
3440
3443
3443
3443
3444
3445
3447
3447
3449
3451
3451
3452
3455
3455
3456
3456
3457
3457
3461
3462
3468
3469
3469
3470
3473
3475
3477
3477
3477
3479
3484
3484
3484
3485
3485
3486
3487
3489
3489
3491
3494
3495
3496
3497
3497
3498
3498
3499
3500
3500
3500
3501
3501
3502
3504
3505
3506
3507
3508
3508
3508
3509
3509
3511
3511
3511
3513
3515
3516
3516
3517
3519
3521
3521
3521
3522
3522
3523
3525
3525
3526
3528
3528
3529
3529
3530
3531
3532
3532
3533
3535
3536
3536
3539
3539
3542
3545
3546
3547
3548
3549
3551
3551
3555
3555
3555
3557
3558
3558
3558
3559
3560
3560
3561
3562
3562
3562
3564
3565
3568
3569
3569
3570
3571
3571
3572
3572
3572
3573
3573
3574
3578
3579
3580
3581
3582
3584
3584
3584
3585
3587
3590
3590
3591
3591
3595
3599
3599
3600
3600
3601
3602
3602
3604
3605
3605
3606
3608
3609
3609
3609
3610
3611
3611
3611
3614
3615
3615
3615
3617
3617
3618
3619
3619
3619
3621
3622
3623
3623
3625
3626
3626
3629
3630
3630
3633
3633
3633
3635
3635
3637
3638
3638
3638
3639
3640
3641
3641
3642
3642
3642
3644
3644
3645
3646
3647
3649
3654
3654
3654
3656
3656
3657
3658
3659
3659
3660
3660
3660
3662
3664
3664
3665
3665
3668
3668
3668
3670
3671
3672
3674
3674
3675
3678
3679
3681
3681
3681
3681
3682
3682
3682
3683
3686
3687
3688
3689
3689
3690
3690
3691
3692
3693
3694
3694
3696
3696
3698
3700
3700
3702
3703
3704
3704
3705
3708
3708
3709
3709
3709
3711
3711
3712
3712
3713
3713
3717
3717
3720
3724
3725
3726
3729
3731
3731
3732
3733
3734
3737
3740
3741
3742
3744
3744
3744
3747
3747
3748
3749
3751
3754
3754
3754
3756
3756
3757
3758
3759
3759
3760
3762
3762
3763
3763
3765
3765
3767
3767
3769
3769
3770
3771
3772
3774
3774
3774
3776
3778
3778
3778
3780
3781
3783
3784
3784
3785
3785
3786
3787
3788
3790
3792
3792
3792
3792
3793
3793
3794
3796
3799
3800
3800
3801
3803
3804
3805
3806
3808
3808
3809
3810
3811
3813
3816
3818
3818
3818
3819
3821
3821
3823
3828
3829
3831
3832
3832
3833
3834
3834
3834
3834
3835
3836
3839
3839
3839
3839
3841
3843
3846
3849
3850
3851
3852
3852
3852
3852
3853
3853
3855
3856
3857
3857
3857
3859
3859
3859
3863
3866
3867
3869
3869
3875
3875
3876
3878
3879
3883
3884
3887
3888
3891
3891
3891
3892
3894
3895
3895
3896
3897
3897
3897
3897
3898
3901
3901
3903
3903
3904
3905
3905
3905
3906
3907
3908
3909
3910
3913
3915
3917
3918
3920
3921
3921
3922
3923
3924
3925
3932
3932
3932
3934
3937
3940
3942
3942
3942
3944
3944
3945
3946
3947
3949
3951
3952
3954
3955
3955
3956
3956
3956
3957
3957
3963
3963
3965
3969
3969
3970
3971
3973
3973
3974
3974
3975
3977
3977
3977
3979
3980
3981
3981
3982
3982
3983
3984
3985
3986
3987
3992
3993
3999
4001
4003
4007
4007
4010
4010
4010
4010
4013
4014
4014
4015
4016
4017
4018
4019
4019
4019
4020
4020
4021
4021
4022
4024
4026
4027
4027
4027
4027
4028
4029
4030
4031
4031
4032
4032
4034
4036
4036
4039
4040
4041
4041
4042
4043
4044
4045
4046
4047
4048
4050
4050
4050
4050
4051
4052
4054
4055
4056
4056
4057
4057
4059
4061
4061
4064
4065
4066
4067
4068
4069
4069
4070
4071
4071
4073
4074
4074
4077
4077
4079
4079
4079
4080
4081
4084
4084
4085
4085
4086
4086
4086
4086
4089
4091
4092
4092
4092
4094
4096
4098
4101
4102
4103
4104
4105
4109
4112
4113
4115
4115
4118
4119
4122
4123
4124
4124
4127
4128
4129
4129
4129
4130
4131
4131
4131
4132
4132
4133
4133
4133
4134
4134
4134
4135
4136
4138
4138
4138
4139
4140
4144
4145
4146
4147
4152
4152
4152
4155
4161
4164
4164
4168
4168
4168
4169
4170
4170
4171
4171
4172
4174
4178
4178
4179
4179
4182
4183
4183
4184
4184
4189
4190
4193
4194
4198
4199
4200
4203
4205
4209
4210
4211
4212
4214
4215
4215
4216
4216
4218
4218
4219
4220
4221
4222
4224
4225
4225
4226
4229
4229
4229
4230
4233
4233
4233
4237
4239
4240
4241
4242
4242
4242
4246
4247
4248
4248
4250
4251
4251
4252
4253
4253
4253
4253
4254
4255
4256
4257
4259
4260
4261
4261
4261
4262
4263
4264
4265
4266
4266
4267
4268
4270
4271
4271
4272
4274
4276
4277
4278
4278
4278
4280
4282
4285
4285
4287
4288
4290
4294
4298
4300
4301
4301
4303
4304
4304
4307
4307
4309
4310
4312
4314
4314
4315
4317
4321
4322
4322
4323
4323
4324
4326
4327
4328
4329
4329
4330
4330
4332
4332
4333
4333
4333
4335
4336
4336
4337
4339
4340
4341
4343
4343
4344
4345
4346
4348
4349
4349
4351
4352
4352
4353
4354
4354
4355
4356
4357
4358
4360
4362
4364
4364
4365
4365
4366
4367
4368
4368
4369
4369
4373
4374
4375
4375
4376
4377
4382
4382
4383
4384
4384
4385
4388
4391
4392
4393
4393
4396
4398
4399
4399
4400
4401
4402
4403
4404
4404
4408
4409
4411
4414
4415
4415
4416
4416
4417
4420
4420
4425
4425
4427
4427
4428
4429
4431
4431
4432
4434
4435
4436
4436
4437
4437
4437
4437
4438
4439
4439
4442
4444
4444
4446
4446
4448
4449
4450
4450
4451
4453
4454
4454
4454
4454
4454
4455
4456
4456
4456
4457
4460
4461
4462
4462
4463
4466
4469
4472
4473
4474
4474
4477
4477
4478
4478
4478
4479
4480
4480
4483
4484
4487
4487
4488
4488
4488
4490
4490
4490
4493
4493
4494
4494
4494
4495
4495
4496
4497
4498
4500
4501
4501
4501
4502
4502
4503
4503
4503
4503
4504
4511
4513
4513
4514
4514
4518
4519
4520
4522
4524
4526
4529
4530
4530
4530
4531
4532
4534
4534
4534
4536
4537
4539
4540
4540
4541
4542
4542
4543
4544
4545
4545
4545
4545
4546
4550
4552
4552
4553
4553
4555
4557
4558
4559
4559
4559
4560
4563
4563
4563
4563
4567
4567
4567
4569
4570
4570
4570
4570
4573
4575
4576
4578
4580
4581
4581
4581
4585
4585
4586
4587
4587
4589
4590
4591
4591
4593
4594
4595
4595
4596
4599
4599
4599
4600
4601
4601
4601
4603
4605
4605
4607
4608
4609
4609
4611
4612
4612
4613
4614
4614
4616
4617
4618
4619
4619
4620
4623
4623
4624
4624
4624
4624
4627
4628
4629
4629
4631
4632
4633
4634
4634
4635
4635
4636
4640
4640
4641
4641
4652
4653
4653
4653
4656
4657
4658
4658
4661
4662
4665
4665
4666
4666
4666
4668
4670
4670
4671
4672
4674
4674
4674
4677
4677
4679
4680
4680
4681
4682
4682
4685
4686
4686
4688
4688
4688
4689
4689
4691
4691
4692
4692
4695
4702
4703
4703
4704
4705
4705
4706
4707
4708
4708
4712
4712
4715
4716
4717
4717
4718
4719
4721
4721
4721
4722
4723
4724
4726
4729
4731
4734
4735
4736
4736
4738
4739
4739
4740
4741
4742
4746
4746
4747
4747
4748
4748
4750
4751
4752
4752
4752
4753
4753
4755
4756
4757
4757
4758
4758
4759
4760
4761
4761
4762
4765
4765
4765
4766
4767
4770
4771
4772
4773
4774
4774
4775
4775
4775
4776
4777
4780
4780
4781
4781
4781
4782
4783
4785
4785
4788
4788
4788
4789
4790
4792
4793
4793
4793
4795
4798
4798
4799
4799
4801
4803
4803
4804
4806
4809
4810
4810
4811
4812
4813
4813
4814
4814
4815
4816
4816
4816
4820
4821
4822
4823
4824
4825
4825
4826
4826
4828
4829
4832
4832
4832
4832
4837
4838
4841
4842
4844
4845
4845
4845
4845
4847
4848
4849
4849
4850
4851
4851
4852
4853
4853
4854
4855
4856
4857
4857
4861
4862
4863
4863
4863
4865
4867
4868
4869
4870
4871
4872
4873
4873
4874
4874
4874
4875
4876
4877
4877
4879
4879
4880
4881
4882
4882
4883
4885
4886
4886
4887
4888
4888
4888
4888
4889
4890
4890
4891
4892
4892
4894
4895
4896
4896
4896
4896
4897
4897
4898
4899
4900
4900
4900
4900
4901
4902
4902
4904
4905
4905
4906
4907
4907
4908
4909
4910
4911
4911
4912
4912
4912
4915
4917
4918
4919
4920
4928
4930
4931
4931
4935
4936
4938
4941
4941
4942
4943
4943
4945
4947
4948
4952
4952
4954
4954
4955
4955
4956
4956
4956
4958
4960
4961
4961
4961
4962
4965
4967
4967
4968
4968
4969
4970
4972
4974
4974
4975
4975
4977
4977
4979
4979
4979
4980
4980
4980
4981
4982
4985
4985
4989
4989
4989
4991
4994
4995
4995
4995
4999
4999
5000
5000
5000
5001
5004
5005
5006
5007
5008
5008
5011
5012
5012
5014
5014
5016
5016
5016
5016
5018
5019
5019
5020
5021
5021
5022
5024
5025
5026
5027
5028
5029
5030
5032
5032
5035
5036
5036
5036
5036
5039
5041
5041
5043
5045
5046
5047
5050
5050
5051
5053
5055
5056
5057
5057
5057
5059
5059
5059
5061
5062
5062
5064
5064
5065
5065
5066
5067
5067
5068
5068
5068
5072
5075
5076
5077
5078
5079
5080
5081
5082
5086
5086
5087
5089
5090
5091
5092
5094
5095
5095
5096
5096
5096
5098
5098
5099
5099
5100
5104
5106
5106
5107
5109
5111
5113
5115
5116
5118
5119
5121
5121
5123
5126
5128
5130
5133
5134
5135
5136
5137
5138
5138
5140
5143
5144
5146
5147
5147
5147
5148
5149
5151
5153
5155
5155
5155
5155
5156
5156
5157
5157
5157
5158
5160
5160
5160
5160
5161
5163
5163
5170
5170
5170
5171
5171
5175
5177
5177
5178
5179
5179
5179
5180
5181
5183
5184
5184
5185
5189
5196
5196
5198
5200
5201
5203
5204
5205
5206
5206
5206
5207
5208
5208
5208
5209
5210
5210
5213
5214
5216
5217
5218
5218
5219
5219
5220
5222
5222
5230
5234
5234
5235
5237
5238
5239
5244
5244
5247
5248
5248
5249
5249
5249
5250
5250
5252
5255
5255
5256
5257
5258
5258
5258
5259
5261
5261
5262
5263
5264
5269
5271
5272
5274
5274
5274
5276
5277
5278
5279
5279
5279
5281
5284
5284
5285
5285
5286
5287
5287
5288
5289
5294
5294
5298
5301
5302
5302
5303
5306
5307
5310
5311
5312
5314
5315
5315
5316
5316
5317
5318
5318
5319
5320
5323
5324
5324
5326
5327
5328
5332
5334
5334
5334
5335
5336
5337
5337
5338
5338
5340
5341
5344
5344
5345
5345
5347
5348
5349
5351
5352
5352
5352
5352
5352
5353
5354
5354
5355
5355
5356
5357
5358
5358
5360
5361
5362
5362
5363
5364
5364
5365
5370
5371
5375
5375
5376
5377
5377
5378
5379
5379
5381
5382
5384
5384
5389
5390
5391
5391
5392
5392
5394
5396
5398
5399
5401
5403
5404
5407
5408
5408
5408
5408
5410
5414
5416
5417
5419
5419
5423
5424
5426
5429
5430
5432
5433
5433
5435
5436
5436
5436
5437
5438
5438
5439
5439
5440
5440
5441
5441
5444
5444
5445
5445
5449
5450
5451
5451
5452
5452
5454
5454
5455
5456
5457
5457
5460
5461
5461
5461
5466
5469
5471
5472
5474
5474
5480
5482
5482
5485
5485
5485
5485
5485
5487
5488
5489
5490
5491
5491
5492
5495
5497
5498
5499
5502
5503
5504
5506
5506
5507
5508
5512
5512
5512
5513
5514
5515
5516
5516
5520
5520
5521
5521
5521
5523
5524
5525
5530
5530
5531
5531
5533
5533
5533
5537
5538
5538
5538
5538
5541
5541
5542
5545
5546
5547
5549
5550
5551
5551
5551
5553
5554
5560
5561
5561
5563
5564
5565
5566
5567
5567
5569
5570
5573
5573
5575
5576
5576
5577
5578
5579
5581
5581
5584
5585
5587
5587
5587
5587
5589
5589
5590
5590
5591
5592
5593
5594
5596
5597
5598
5598
5598
5601
5603
5606
5606
5607
5607
5608
5611
5615
5615
5615
5617
5617
5618
5620
5620
5620
5622
5622
5622
5622
5622
5623
5623
5623
5625
5625
5626
5626
5627
5628
5628
5628
5628
5628
5631
5631
5631
5634
5634
5635
5635
5636
5637
5637
5637
5638
5639
5641
5642
5642
5643
5644
5644
5644
5649
5649
5650
5651
5652
5654
5654
5660
5661
5662
5662
5662
5663
5664
5665
5666
5667
5669
5670
5671
5671
5671
5672
5673
5673
5673
5674
5675
5676
5677
5677
5678
5679
5680
5681
5682
5682
5684
5685
5685
5686
5687
5687
5687
5688
5689
5690
5690
5691
5695
5697
5697
5697
5699
5702
5703
5703
5706
5708
5708
5709
5711
5711
5713
5713
5714
5717
5717
5718
5718
5719
5720
5720
5721
5723
5725
5725
5725
5725
5726
5727
5728
5729
5729
5731
5732
5734
5735
5738
5740
5742
5742
5743
5743
5743
5746
5746
5747
5749
5751
5751
5752
5752
5754
5755
5755
5755
5758
5758
5761
5763
5763
5764
5766
5766
5766
5767
5768
5769
5769
5770
5771
5771
5771
5773
5777
5778
5778
5780
5782
5784
5789
5791
5791
5792
5792
5793
5793
5794
5795
5796
5796
5797
5798
5801
5805
5806
5806
5807
5807
5808
5810
5812
5813
5813
5814
5815
5816
5820
5820
5821
5822
5823
5826
5827
5831
5833
5833
5833
5834
5835
5837
5837
5837
5837
5838
5839
5840
5840
5847
5851
5853
5853
5856
5856
5856
5857
5857
5858
5861
5867
5868
5869
5869
5870
5872
5873
5874
5875
5875
5879
5879
5880
5880
5883
5886
5886
5887
5890
5891
5892
5896
5896
5897
5897
5898
5899
5899
5901
5902
5903
5904
5906
5906
5906
5907
5908
5909
5909
5910
5910
5911
5911
5916
5916
5918
5918
5919
5919
5919
5921
5921
5921
5923
5923
5923
5924
5925
5927
5929
5929
5930
5931
5931
5931
5933
5933
5935
5935
5935
5936
5939
5939
5940
5941
5941
5943
5943
5943
5944
5945
5947
5947
5951
5952
5956
5958
5960
5960
5961
5962
5962
5963
5964
5965
5966
5967
5967
5968
5969
5969
5969
5974
5974
5975
5977
5979
5981
5981
5981
5983
5985
5985
5986
5992
5994
5994
5994
5998
5998
5999
6002
6004
6005
6006
6008
6008
6008
6009
6010
6013
6014
6016
6019
6019
6019
6020
6020
6023
6025
6026
6026
6028
6029
6030
6031
6031
6034
6036
6038
6039
6040
6042
6043
6043
6045
6045
6045
6046
6046
6047
6048
6049
6051
6053
6054
6054
6055
6056
6056
6057
6059
6059
6060
6060
6061
6062
6064
6065
6065
6066
6068
6070
6070
6074
6074
6075
6075
6076
6078
6078
6079
6079
6080
6080
6083
6084
6085
6086
6091
6093
6094
6095
6095
6096
6099
6099
6100
6100
6103
6104
6104
6105
6107
6107
6110
6110
6111
6111
6112
6112
6120
6121
6122
6122
6125
6125
6129
6130
6132
6133
6134
6135
6135
6137
6137
6137
6138
6139
6140
6140
6141
6141
6145
6147
6149
6149
6149
6150
6151
6152
6152
6153
6154
6156
6157
6159
6161
6161
6161
6161
6161
6163
6163
6164
6165
6165
6165
6166
6168
6168
6168
6170
6170
6171
6172
6172
6172
6172
6174
6175
6175
6175
6176
6177
6178
6178
6181
6182
6183
6183
6184
6184
6186
6187
6187
6189
6189
6190
6191
6192
6192
6193
6193
6194
6194
6195
6196
6196
6198
6202
6203
6203
6206
6207
6207
6207
6208
6209
6209
6211
6214
6215
6215
6215
6216
6217
6219
6219
6219
6220
6222
6225
6226
6227
6227
6228
6229
6229
6231
6231
6231
6233
6233
6236
6236
6238
6239
6240
6241
6241
6242
6244
6244
6246
6248
6248
6249
6251
6252
6253
6253
6254
6254
6255
6259
6261
6261
6262
6262
6263
6265
6266
6269
6270
6271
6271
6272
6272
6274
6274
6275
6275
6277
6277
6277
6278
6278
6279
6279
6280
6280
6283
6283
6284
6287
6287
6287
6287
6288
6289
6290
6291
6296
6298
6298
6298
6299
6301
6301
6302
6303
6304
6307
6307
6308
6310
6311
6312
6313
6313
6313
6315
6316
6316
6319
6321
6322
6323
6324
6326
6326
6326
6327
6327
6328
6328
6328
6331
6332
6335
6336
6336
6338
6340
6343
6344
6344
6344
6344
6346
6348
6349
6349
6350
6351
6351
6352
6353
6354
6354
6354
6356
6358
6358
6359
6359
6360
6360
6362
6363
6365
6366
6367
6367
6368
6369
6370
6371
6371
6371
6372
6373
6373
6374
6374
6380
6380
6382
6382
6383
6384
6387
6387
6388
6389
6390
6398
6398
6399
6399
6399
6400
6402
6403
6403
6403
6405
6406
6407
6407
6407
6408
6409
6410
6411
6411
6413
6414
6416
6417
6418
6419
6420
6420
6420
6421
6424
6424
6428
6428
6428
6429
6430
6432
6433
6434
6436
6439
6439
6440
6441
6441
6442
6442
6444
6445
6446
6448
6449
6450
6451
6452
6452
6452
6452
6452
6453
6454
6454
6455
6455
6460
6462
6463
6463
6465
6465
6466
6467
6468
6470
6471
6472
6479
6479
6481
6481
6481
6482
6482
6484
6487
6489
6489
6490
6491
6494
6495
6496
6497
6498
6501
6502
6504
6505
6505
6505
6506
6506
6506
6507
6508
6514
6515
6516
6519
6519
6519
6520
6521
6521
6523
6525
6528
6528
6529
6529
6529
6530
6530
6530
6531
6532
6533
6535
6535
6537
6537
6538
6539
6540
6541
6545
6546
6548
6549
6549
6549
6550
6550
6551
6551
6552
6554
6556
6556
6558
6560
6562
6563
6564
6565
6566
6566
6567
6568
6569
6571
6571
6573
6575
6578
6578
6579
6579
6579
6581
6583
6584
6584
6585
6587
6589
6589
6591
6592
6592
6598
6600
6600
6604
6605
6606
6606
6607
6608
6609
6610
6611
6611
6612
6612
6613
6613
6614
6615
6616
6618
6619
6620
6621
6621
6621
6621
6625
6626
6628
6629
6629
6629
6632
6632
6635
6640
6641
6642
6642
6643
6644
6644
6645
6646
6647
6647
6648
6648
6649
6651
6652
6654
6656
6656
6656
6659
6660
6662
6662
6664
6664
6667
6668
6668
6668
6668
6670
6672
6673
6675
6676
6677
6678
6679
6679
6682
6683
6684
6685
6685
6685
6689
6689
6689
6689
6690
6692
6694
6695
6695
6696
6697
6697
6697
6699
6700
6700
6701
6701
6703
6703
6703
6705
6706
6707
6709
6710
6711
6711
6712
6713
6714
6714
6715
6715
6715
6716
6717
6718
6718
6718
6719
6719
6720
6723
6725
6726
6726
6727
6728
6728
6732
6732
6732
6733
6733
6734
6734
6738
6738
6739
6739
6740
6743
6743
6743
6745
6745
6746
6748
6748
6749
6750
6750
6751
6752
6752
6753
6753
6754
6754
6757
6759
6760
6760
6760
6761
6762
6765
6765
6766
6768
6770
6770
6770
6771
6771
6775
6780
6781
6781
6784
6785
6786
6786
6787
6787
6787
6791
6791
6791
6794
6795
6799
6800
6801
6802
6802
6803
6804
6804
6805
6805
6808
6809
6811
6811
6812
6813
6814
6818
6819
6820
6822
6822
6823
6823
6823
6825
6826
6828
6828
6829
6831
6831
6833
6834
6835
6836
6841
6842
6843
6844
6846
6847
6847
6850
6851
6852
6852
6852
6853
6855
6856
6857
6857
6857
6858
6858
6859
6862
6862
6863
6864
6865
6866
6871
6871
6871
6872
6872
6873
6876
6876
6878
6879
6879
6880
6881
6882
6890
6891
6891
6892
6894
6894
6895
6896
6897
6897
6898
6898
6899
6900
6903
6905
6908
6909
6909
6909
6912
6912
6913
6914
6914
6915
6917
6918
6919
6920
6921
6922
6923
6924
6925
6926
6927
6928
6930
6930
6930
6930
6931
6931
6936
6937
6938
6938
6942
6944
6946
6946
6946
6946
6948
6948
6948
6950
6950
6951
6955
6957
6958
6959
6962
6962
6962
6963
6964
6965
6966
6966
6968
6970
6970
6970
6971
6971
6971
6973
6973
6973
6974
6975
6976
6977
6977
6979
6979
6980
6983
6984
6984
6989
6991
6993
6994
6995
6996
6997
6998
7001
7001
7001
7003
7004
7005
7006
7006
7008
7008
7008
7009
7009
7009
7010
7010
7011
7011
7012
7014
7017
7017
7018
7019
7021
7021
7022
7024
7024
7024
7025
7027
7027
7028
7031
7031
7031
7032
7045
7046
7046
7048
7048
7049
7053
7056
7057
7058
7059
7060
7060
7060
7061
7062
7065
7065
7066
7067
7067
7068
7068
7068
7069
7069
7072
7074
7076
7077
7079
7079
7081
7082
7083
7083
7083
7083
7087
7089
7090
7091
7091
7092
7093
7093
7093
7095
7095
7095
7096
7098
7100
7101
7102
7106
7107
7107
7107
7108
7111
7112
7113
7117
7118
7118
7121
7121
7122
7123
7124
7124
7124
7124
7124
7124
7124
7127
7128
7128
7130
7130
7132
7132
7132
7133
7133
7133
7133
7136
7138
7139
7141
7141
7142
7145
7145
7146
7149
7149
7152
7152
7154
7155
7157
7159
7159
7161
7162
7169
7171
7172
7174
7175
7178
7180
7181
7182
7182
7183
7187
7188
7189
7190
7190
7191
7191
7192
7192
7193
7194
7194
7195
7197
7198
7199
7199
7200
7203
7203
7205
7208
7209
7210
7211
7212
7213
7217
7220
7222
7223
7225
7226
7226
7226
7227
7229
7229
7232
7232
7235
7236
7237
7239
7240
7240
7241
7242
7243
7244
7245
7245
7246
7250
7253
7254
7256
7259
7260
7260
7261
7262
7263
7263
7263
7264
7265
7269
7270
7270
7270
7274
7274
7275
7279
7281
7282
7282
7283
7284
7284
7285
7285
7286
7287
7287
7288
7289
7289
7289
7292
7292
7294
7294
7295
7295
7295
7296
7298
7299
7299
7300
7300
7300
7301
7301
7301
7301
7302
7302
7304
7305
7306
7307
7309
7310
7310
7311
7311
7312
7312
7313
7315
7315
7318
7321
7321
7322
7325
7325
7325
7327
7327
7328
7328
7329
7329
7329
7330
7330
7331
7331
7333
7333
7334
7334
7336
7336
7337
7337
7339
7340
7341
7343
7344
7346
7350
7351
7353
7353
7354
7354
7358
7358
7358
7359
7359
7362
7366
7368
7370
7370
7372
7374
7375
7375
7378
7379
7381
7381
7383
7383
7385
7386
7387
7387
7387
7388
7389
7389
7390
7393
7394
7395
7395
7396
7397
7399
7400
7402
7402
7405
7405
7405
7406
7407
7407
7407
7409
7412
7413
7414
7415
7415
7415
7416
7417
7417
7418
7418
7419
7423
7423
7425
7425
7428
7432
7434
7435
7436
7437
7439
7440
7441
7442
7442
7443
7444
7444
7444
7445
7447
7447
7448
7450
7451
7452
7452
7453
7453
7454
7456
7457
7458
7460
7462
7462
7465
7466
7470
7470
7470
7470
7472
7472
7473
7473
7474
7478
7479
7480
7481
7481
7482
7482
7485
7485
7485
7485
7486
7487
7488
7489
7490
7492
7492
7494
7495
7495
7495
7497
7498
7498
7498
7500
7501
7503
7504
7505
7506
7506
7506
7507
7507
7507
7507
7508
7510
7510
7516
7522
7522
7523
7523
7524
7526
7527
7528
7530
7530
7532
7532
7536
7536
7538
7538
7539
7540
7540
7541
7541
7544
7545
7545
7547
7547
7547
7548
7549
7549
7550
7550
7550
7551
7552
7553
7553
7553
7554
7558
7558
7558
7558
7562
7563
7566
7567
7569
7569
7570
7570
7571
7572
7572
7572
7573
7574
7575
7575
7575
7576
7576
7578
7579
7580
7581
7582
7582
7583
7584
7586
7587
7588
7588
7591
7593
7594
7595
7598
7600
7602
7603
7604
7605
7605
7607
7610
7610
7611
7611
7611
7612
7612
7612
7614
7614
7615
7616
7618
7618
7619
7620
7621
7622
7623
7624
7624
7626
7627
7629
7629
7630
7632
7632
7634
7635
7638
7640
7641
7641
7641
7642
7643
7643
7644
7644
7645
7645
7645
7646
7649
7651
7652
7653
7654
7656
7656
7657
7659
7659
7660
7660
7666
7666
7667
7669
7672
7673
7674
7677
7678
7679
7681
7682
7683
7684
7685
7686
7687
7689
7689
7690
7691
7692
7695
7695
7696
7697
7700
7702
7704
7704
7705
7708
7708
7709
7709
7711
7712
7713
7714
7715
7715
7716
7716
7717
7719
7720
7720
7722
7723
7724
7725
7730
7731
7732
7732
7733
7733
7733
7733
7737
7737
7738
7739
7740
7742
7744
7744
7745
7747
7748
7749
7749
7750
7752
7754
7758
7761
7762
7762
7764
7769
7771
7772
7773
7773
7775
7776
7780
7781
7781
7782
7784
7784
7785
7786
7786
7786
7787
7788
7788
7788
7792
7792
7796
7798
7798
7798
7799
7800
7801
7803
7804
7804
7807
7807
7808
7808
7809
7809
7811
7812
7812
7812
7812
7816
7816
7817
7818
7820
7821
7822
7823
7823
7824
7825
7825
7826
7826
7829
7831
7831
7832
7833
7833
7836
7837
7838
7840
7840
7842
7845
7846
7848
7848
7849
7849
7850
7851
7852
7853
7854
7854
7855
7856
7857
7860
7860
7861
7861
7864
7865
7866
7866
7868
7868
7869
7870
7874
7878
7879
7879
7879
7880
7881
7882
7883
7884
7885
7885
7885
7886
7886
7887
7888
7888
7889
7889
7890
7890
7891
7894
7894
7897
7897
7898
7898
7899
7901
7901
7902
7902
7903
7904
7905
7906
7906
7907
7907
7907
7909
7909
7910
7910
7911
7911
7913
7914
7914
7914
7915
7915
7915
7916
7917
7917
7917
7919
7920
7921
7922
7922
7924
7924
7926
7926
7927
7927
7931
7931
7932
7932
7933
7934
7937
7938
7938
7939
7942
7943
7945
7945
7946
7946
7946
7948
7949
7951
7953
7953
7954
7956
7957
7958
7960
7961
7964
7968
7968
7968
7968
7969
7970
7971
7971
7972
7973
7974
7976
7976
7978
7979
7980
7981
7982
7983
7985
7986
7987
7987
7989
7990
7994
7995
7999
7999
8000
8001
8001
8001
8002
8003
8004
8006
8007
8008
8012
8013
8015
8024
8024
8025
8025
8027
8027
8028
8029
8032
8038
8038
8038
8039
8040
8041
8041
8044
8047
8047
8047
8050
8051
8052
8052
8052
8052
8053
8055
8057
8058
8061
8062
8063
8064
8064
8066
8066
8066
8066
8068
8069
8071
8071
8071
8073
8075
8075
8076
8077
8077
8078
8080
8080
8081
8081
8082
8083
8083
8085
8085
8087
8087
8088
8090
8092
8092
8095
8095
8097
8098
8098
8100
8102
8103
8103
8106
8106
8108
8110
8112
8114
8117
8119
8120
8122
8122
8123
8125
8126
8127
8127
8127
8128
8128
8129
8131
8132
8133
8134
8134
8136
8136
8138
8138
8141
8145
8145
8146
8147
8150
8152
8157
8158
8158
8158
8159
8159
8159
8162
8162
8163
8163
8164
8171
8172
8172
8173
8176
8177
8177
8177
8181
8183
8184
8185
8186
8188
8190
8191
8191
8191
8193
8194
8194
8196
8200
8200
8200
8201
8201
8203
8206
8206
8207
8207
8207
8209
8210
8212
8212
8213
8214
8214
8216
8216
8216
8217
8217
8219
8220
8224
8224
8225
8225
8226
8227
8229
8232
8232
8233
8234
8235
8236
8236
8238
8240
8243
8244
8245
8246
8248
8250
8250
8251
8251
8252
8253
8253
8254
8255
8256
8256
8259
8259
8260
8260
8261
8266
8267
8269
8270
8271
8272
8272
8273
8273
8274
8275
8275
8275
8276
8277
8277
8278
8281
8282
8283
8283
8285
8286
8287
8287
8288
8288
8289
8290
8291
8293
8293
8293
8293
8294
8295
8295
8297
8299
8300
8302
8302
8304
8307
8307
8308
8308
8308
8309
8311
8311
8312
8313
8313
8315
8317
8317
8320
8320
8320
8320
8321
8322
8324
8326
8326
8327
8327
8327
8327
8328
8329
8330
8330
8335
8335
8335
8336
8337
8339
8342
8342
8343
8343
8343
8344
8344
8345
8345
8351
8351
8353
8353
8354
8356
8356
8357
8357
8358
8361
8361
8363
8363
8363
8364
8364
8364
8365
8365
8366
8366
8368
8371
8372
8374
8374
8376
8376
8378
8379
8380
8382
8382
8383
8384
8385
8386
8389
8390
8391
8391
8392
8397
8397
8398
8400
8412
8412
8413
8416
8418
8418
8418
8419
8419
8422
8422
8424
8425
8425
8432
8432
8433
8435
8437
8437
8439
8442
8443
8444
8444
8446
8448
8448
8449
8450
8451
8451
8451
8452
8452
8453
8453
8454
8454
8455
8455
8455
8457
8457
8457
8458
8458
8458
8461
8461
8462
8463
8464
8464
8466
8466
8468
8469
8470
8471
8472
8472
8473
8475
8478
8478
8478
8480
8481
8482
8482
8482
8482
8484
8484
8485
8487
8488
8489
8489
8490
8492
8492
8494
8496
8496
8496
8498
8502
8503
8506
8507
8508
8510
8510
8511
8512
8513
8513
8513
8515
8516
8517
8519
8521
8523
8523
8524
8526
8526
8526
8527
8529
8529
8533
8534
8536
8536
8536
8539
8540
8540
8540
8542
8543
8545
8545
8546
8547
8548
8551
8551
8553
8555
8556
8558
8558
8559
8561
8561
8562
8562
8563
8567
8568
8569
8573
8573
8575
8575
8581
8581
8584
8584
8584
8585
8586
8586
8586
8587
8587
8588
8590
8591
8592
8595
8596
8596
8597
8598
8599
8600
8600
8601
8602
8602
8604
8605
8605
8606
8606
8608
8609
8610
8611
8611
8612
8612
8613
8614
8614
8614
8615
8616
8619
8619
8619
8620
8622
8624
8624
8625
8627
8628
8630
8631
8632
8633
8634
8636
8636
8637
8638
8639
8641
8642
8642
8645
8646
8646
8647
8647
8647
8652
8656
8656
8657
8658
8658
8659
8659
8660
8660
8660
8660
8660
8663
8664
8666
8666
8667
8670
8671
8673
8675
8676
8678
8681
8685
8686
8686
8690
8691
8692
8692
8693
8693
8693
8694
8697
8698
8699
8699
8701
8703
8704
8704
8705
8708
8709
8709
8710
8711
8711
8711
8713
8716
8716
8718
8719
8720
8721
8724
8726
8726
8726
8728
8729
8731
8732
8733
8734
8735
8736
8736
8740
8740
8740
8742
8742
8744
8745
8745
8745
8746
8748
8749
8750
8751
8752
8753
8753
8753
8754
8755
8755
8755
8755
8755
8756
8758
8758
8759
8760
8760
8761
8761
8761
8762
8762
8763
8764
8764
8765
8766
8767
8767
8769
8770
8772
8773
8773
8774
8774
8775
8776
8777
8780
8782
8782
8783
8784
8784
8785
8786
8787
8788
8789
8789
8790
8790
8791
8791
8791
8793
8796
8797
8797
8798
8799
8800
8801
8801
8803
8803
8805
8806
8806
8807
8807
8807
8808
8811
8812
8812
8813
8813
8814
8815
8815
8820
8820
8821
8821
8821
8822
8824
8824
8825
8826
8826
8826
8827
8827
8829
8829
8830
8830
8830
8832
8832
8833
8833
8833
8834
8834
8834
8835
8836
8837
8838
8838
8838
8838
8840
8840
8841
8842
8843
8845
8845
8847
8848
8849
8849
8851
8852
8854
8854
8856
8856
8857
8859
8859
8860
8862
8864
8865
8866
8867
8870
8871
8871
8871
8872
8873
8873
8874
8876
8876
8877
8878
8881
8881
8881
8883
8883
8884
8884
8884
8887
8887
8887
8887
8888
8889
8891
8892
8892
8893
8895
8897
8897
8902
8902
8905
8907
8910
8912
8912
8913
8915
8917
8917
8918
8919
8919
8920
8921
8922
8922
8924
8924
8925
8925
8926
8926
8927
8928
8929
8931
8931
8931
8932
8933
8936
8937
8938
8939
8939
8939
8944
8945
8946
8946
8947
8947
8949
8950
8953
8954
8955
8955
8956
8957
8957
8957
8958
8958
8959
8960
8961
8962
8966
8968
8968
8969
8969
8970
8971
8973
8973
8974
8975
8976
8977
8980
8984
8985
8989
8989
8989
8991
8992
8996
8996
8997
8998
9001
9001
9002
9003
9004
9004
9004
9005
9005
9005
9005
9007
9007
9007
9008
9008
9008
9009
9009
9010
9010
9011
9011
9013
9013
9013
9016
9017
9020
9021
9024
9025
9027
9027
9032
9032
9033
9034
9036
9039
9040
9044
9045
9045
9047
9051
9053
9053
9055
9055
9056
9056
9062
9063
9063
9064
9065
9066
9071
9073
9074
9075
9076
9077
9078
9078
9081
9081
9082
9084
9085
9085
9086
9087
9087
9088
9088
9090
9093
9095
9096
9098
9101
9102
9103
9105
9106
9106
9107
9107
9107
9109
9110
9111
9111
9113
9113
9114
9114
9116
9117
9118
9119
9120
9123
9123
9123
9123
9124
9125
9126
9126
9127
9127
9128
9129
9130
9130
9131
9132
9134
9138
9139
9139
9140
9141
9141
9142
9142
9144
9144
9144
9145
9146
9147
9147
9147
9149
9151
9151
9151
9153
9153
9154
9154
9156
9157
9157
9160
9161
9161
9164
9165
9167
9169
9170
9170
9171
9171
9172
9173
9174
9176
9179
9179
9180
9183
9183
9184
9188
9188
9188
9188
9189
9189
9189
9190
9191
9192
9193
9199
9199
9201
9201
9202
9202
9205
9205
9210
9210
9211
9212
9215
9215
9215
9216
9217
9218
9218
9218
9219
9221
9221
9221
9222
9222
9222
9224
9224
9226
9229
9231
9233
9233
9233
9233
9233
9233
9234
9235
9236
9238
9238
9239
9241
9241
9242
9243
9244
9247
9247
9247
9248
9249
9249
9251
9252
9253
9253
9254
9255
9255
9256
9256
9256
9258
9259
9259
9260
9261
9264
9265
9266
9266
9267
9268
9268
9269
9269
9270
9271
9272
9272
9273
9274
9277
9280
9282
9283
9285
9285
9286
9287
9290
9290
9291
9293
9295
9297
9298
9298
9298
9299
9300
9301
9301
9302
9305
9306
9307
9307
9308
9310
9311
9312
9313
9313
9314
9314
9314
9315
9315
9316
9317
9317
9318
9318
9319
9319
9320
9320
9321
9323
9326
9326
9327
9328
9330
9334
9334
9335
9337
9338
9338
9338
9339
9341
9341
9342
9345
9345
9345
9346
9346
9347
9347
9347
9347
9348
9350
9351
9353
9355
9355
9357
9358
9359
9363
9363
9364
9366
9367
9368
9370
9370
9372
9374
9374
9374
9376
9376
9381
9381
9382
9383
9383
9383
9383
9387
9387
9388
9388
9390
9391
9393
9395
9396
9397
9399
9403
9405
9409
9410
9412
9413
9413
9414
9415
9418
9418
9419
9422
9422
9424
9425
9426
9428
9430
9432
9433
9433
9434
9435
9436
9438
9439
9441
9442
9444
9448
9448
9449
9454
9454
9455
9455
9456
9456
9458
9459
9461
9464
9464
9464
9465
9466
9466
9466
9468
9469
9470
9470
9471
9471
9471
9474
9474
9475
9475
9475
9476
9477
9477
9478
9479
9479
9481
9482
9485
9485
9486
9487
9491
9492
9492
9494
9496
9497
9498
9499
9500
9501
9501
9502
9504
9505
9505
9507
9514
9514
9515
9515
9516
9517
9517
9518
9521
9523
9523
9525
9526
9526
9526
9527
9528
9530
9531
9531
9531
9536
9537
9538
9538
9539
9539
9540
9540
9544
9546
9547
9548
9548
9550
9551
9551
9551
9552
9553
9553
9555
9558
9558
9559
9559
9559
9565
9566
9566
9566
9566
9567
9567
9568
9570
9571
9573
9573
9574
9575
9576
9576
9577
9579
9580
9582
9582
9583
9584
9585
9587
9589
9591
9597
9599
9599
9600
9600
9600
9601
9602
9602
9604
9604
9605
9606
9606
9606
9606
9607
9608
9608
9610
9612
9612
9615
9615
9616
9617
9617
9622
9622
9624
9624
9625
9626
9626
9628
9628
9628
9630
9631
9631
9632
9633
9633
9633
9634
9634
9635
9635
9635
9637
9637
9637
9639
9639
9640
9641
9643
9644
9646
9647
9647
9648
9649
9650
9650
9651
9652
9652
9654
9655
9655
9655
9659
9661
9661
9661
9663
9666
9667
9667
9668
9668
9670
9670
9672
9673
9676
9677
9677
9682
9682
9684
9684
9685
9687
9687
9688
9688
9688
9689
9690
9690
9690
9690
9692
9693
9694
9694
9694
9702
9704
9704
9706
9706
9707
9710
9714
9715
9716
9717
9717
9719
9719
9719
9720
9720
9720
9724
9725
9725
9725
9725
9726
9728
9728
9729
9729
9730
9730
9731
9732
9732
9735
9735
9737
9738
9738
9740
9741
9746
9746
9746
9746
9748
9753
9754
9756
9757
9758
9760
9760
9761
9764
9765
9766
9767
9768
9768
9769
9773
9776
9776
9777
9779
9783
9783
9784
9785
9786
9786
9787
9790
9791
9792
9793
9794
9795
9796
9797
9797
9798
9798
9799
9799
9801
9801
9803
9804
9804
9804
9804
9804
9804
9805
9806
9807
9807
9807
9807
9807
9808
9808
9809
9809
9810
9811
9811
9812
9816
9822
9822
9825
9825
9832
9836
9838
9840
9840
9848
9850
9850
9854
9860
9862
9862
9864
9866
9867
9870
9870
9870
9871
9871
9873
9876
9876
9876
9879
9879
9879
9883
9883
9885
9886
9888
9891
9891
9892
9892
9893
9893
9895
9896
9896
9899
9899
9899
9900
9903
9903
9903
9904
9904
9906
9906
9907
9907
9908
9911
9913
9914
9914
9917
9918
9920
9924
9924
9925
9926
9929
9929
9930
9930
9932
9933
9934
9935
9936
9937
9941
9942
9942
9942
9942
9942
9943
9944
9945
9946
9947
9948
9948
9948
9950
9950
9951
9951
9953
9954
9954
9954
9955
9955
9955
9956
9957
9962
9966
9968
9968
9969
9970
9971
9972
9972
9974
9979
9979
9979
9979
9979
9980
9981
9982
9983
9983
9984
9985
9988
9989
9989
9990
9992
9992
9995
9998
9998
