8251
4436
6350
4065
6800
8127
4717
8095
485
3630
7669
9968
8317
2266
2212
246
9165
8917
8119
782
799
9883
635
7472
7821
4901
9539
8069
7452
5104
218
3849
5014
1582
8905
593
5485
524
1131
6879
7405
5587
9551
4691
6433
706
7709
2676
2857
3356
2861
5791
3562
2734
1460
2303
8311
5028
3216
6351
1455
1293
6871
9612
6614
2428
9579
7885
5000
7856
9840
5767
3211
7302
2465
8172
1637
3517
8288
9125
2238
7498
2652
7008
6215
206
4936
1339
4171
8933
3578
7761
3749
6175
8881
2660
6274
9957
2075
2397
776
948
1029
4544
2279
446
1284
8451
7375
690
9396
1440
9955
9896
7263
3944
3501
4113
8273
6683
8977
7470
1785
5318
7942
1584
5106
6316
530
5520
530
3304
3477
2609
6163
3169
8458
2290
7920
9055
185
1432
8834
8877
3664
1932
3501
5440
932
3793
8260
615
7922
1560
2196
3060
4570
4103
5056
5770
6463
535
3352
806
9624
4861
127
707
9979
5708
4717
7305
1834
4169
2291
5334
9870
7823
1373
8592
9876
3956
9580
1753
3973
492
3445
1587
3866
1228
596
3622
7232
2017
3221
8897
8200
8946
7396
3629
82
3635
1059
6008
8251
3772
7804
9345
5620
4618
5160
1519
1397
6836
2032
7190
642
848
130
1452
221
5207
8710
7113
1005
2582
6016
2590
7885
2551
329
8584
2551
9071
5066
7301
5059
4329
1304
2390
8506
7731
7878
597
9024
1111
535
361
290
350
1124
8071
4956
4736
8733
3659
4798
9374
9123
2392
1520
5347
9173
1324
19
6152
825
6039
4810
9144
8302
9518
9433
9876
4047
1531
445
1911
2362
4871
7516
6780
8498
6811
1854
495
7891
2547
6172
6209
1428
8133
8872
688
8225
544
2893
9078
6697
3639
6984
737
2197
4256
2616
9363
1387
2745
4738
3579
9906
6203
8536
5220
4134
9601
6091
1308
5758
4938
3230
8663
5020
5133
9405
3909
5205
4045
4894
2114
4242
2541
2454
8076
4278
2005
47
106
4657
6454
8985
2443
676
11
7343
4653
7574
3856
2539
6287
7031
471
7389
681
1795
2505
3975
6794
185
2570
285
7890
2060
672
91
9345
2649
7269
2567
3312
7354
5899
6121
5743
7307
9359
8472
8590
8172
6321
231
8224
1526
2355
3375
1805
4081
4849
1439
343
8356
8736
6642
1871
4718
5289
4624
1945
8838
7495
8791
1325
6174
2575
7083
5471
7550
9184
2539
1681
1246
6460
3430
6359
4178
3974
6462
8876
1245
3324
6508
4772
32
9798
4853
9585
8290
3599
8780
2490
1188
7540
7879
3784
2085
4539
4198
2835
1508
9062
705
5869
5316
296
5025
9149
5045
8887
2466
9871
8624
114
6359
3977
5107
3189
6351
2161
2046
4907
1143
1277
5933
4131
7840
8699
327
8102
3954
9955
9942
8744
7440
1466
1480
9341
7598
7032
6533
2527
3281
7292
290
5661
5095
9374
9670
8213
8647
3557
5067
1236
1065
3355
7191
1405
4456
1373
9339
5065
8071
6471
7660
2623
4995
6080
1264
1669
663
4130
8939
2197
1349
7549
1819
8658
3748
3291
1089
4349
1493
3335
9633
1171
987
218
8667
5370
1289
1015
6299
6556
6894
2936
5662
9730
1695
5687
7702
3605
6196
6545
4911
8145
9654
1576
7523
7132
278
41
7387
181
1794
1118
9528
8784
1348
4276
1953
4977
6283
8591
2653
1958
5998
4652
4531
6506
1950
1863
2560
5272
4795
6831
2217
5261
4490
5911
3218
1825
9574
7614
7246
7
3157
4897
4503
4706
1212
991
3760
3818
4085
3438
8586
8912
2351
604
4436
4031
9639
712
1879
9507
9526
6754
976
3071
8235
5457
687
41
6219
8755
624
1688
3574
9962
4119
7825
7643
1205
386
4590
6495
492
250
8849
9850
1761
1738
792
5794
9475
7666
1249
381
4532
4734
5743
8272
2413
8755
4573
8957
2657
6442
4339
8813
7200
5601
8055
794
509
1549
2933
7553
1985
836
4226
7622
2769
6843
2685
3688
5454
667
8152
1510
3132
8313
4854
8066
4581
3910
7541
693
4958
436
7869
2419
3099
442
3561
1585
943
1018
1894
4612
4054
3969
2986
651
3030
8047
7480
2672
1554
5896
1664
2299
6434
2730
9388
4392
2592
5216
1016
2330
516
694
7905
4015
9746
7181
9074
9558
6530
5985
858
1103
4593
3082
5170
9154
5622
4304
7582
2642
6280
1570
1491
5219
302
1353
200
4570
2678
2168
6399
628
3402
3191
1941
9306
991
9249
7576
1187
2208
5994
2153
3770
2636
2037
8002
7506
75
8612
1114
9575
2662
177
6662
3511
7048
4365
5554
9233
3903
8536
3345
4812
6903
4560
4881
9003
122
2653
307
943
432
2940
5514
1598
45
6202
801
7011
3436
165
9761
4454
4870
5709
8931
1806
968
5376
6660
6787
8163
6822
2535
1033
757
5482
9039
2666
2185
9370
5068
3619
4570
3841
5317
722
3214
7987
1144
8670
3665
2201
8158
7111
9903
5358
1074
1664
2806
344
8291
4490
7418
8267
5672
2371
3915
58
8596
4863
597
7344
2379
4773
2743
3599
5043
3982
7974
2999
2094
7641
7938
8616
8343
5155
4824
587
2427
1573
2522
350
938
7374
4765
5615
5485
8834
4545
9211
5147
9011
8838
6023
4855
4128
3981
9471
6652
5835
6380
5581
3276
8783
2647
5660
1460
2273
2299
1597
7812
6950
3756
8826
6959
6550
7826
345
2958
7359
7263
7284
7689
6301
8756
9127
5064
2793
2069
1065
5671
4048
9930
1582
2569
1109
3400
236
1598
2697
591
92
3080
5674
4900
4324
3354
8138
5362
2675
5634
1809
5901
2668
2633
1238
2264
807
4904
4346
7
1412
573
1397
9111
1122
1646
3333
5021
3295
7485
1204
8028
3744
3405
7017
795
515
7300
7106
3430
4323
6546
2977
6275
2716
5489
4404
4104
7792
1757
9290
1708
4826
4469
2274
8315
4752
434
1094
8782
1982
9720
5880
3002
1729
1148
9948
5495
1728
613
1735
6452
2978
5285
1350
5113
3292
7481
1393
7390
4474
4031
5057
5834
1809
7880
544
1998
66
2654
4193
5171
7489
6312
5360
7809
1958
3532
7594
6738
6340
6980
2544
1686
600
4164
1576
6664
6452
6170
6645
9760
9517
6695
3240
267
9682
429
4454
4680
622
4746
4892
1124
1664
2676
7121
9273
6616
7733
2779
7010
3380
266
4437
3682
653
4822
767
8854
6604
2060
9606
9992
3089
204
7894
6565
9189
221
7261
9249
4253
8013
2385
8330
4242
1637
885
2586
1087
257
8024
5249
7003
1742
7327
898
4264
4388
1892
3292
7739
294
1342
9692
1325
8807
7235
8274
7889
8928
8300
1425
4759
944
4488
9387
9008
659
7987
236
5027
326
8
4069
3712
1785
4437
3549
7907
6549
8686
9107
7274
5121
5156
534
4635
2240
3640
5384
8464
8397
7451
4225
1908
4122
4247
6112
5939
9077
4771
3079
6828
3724
9571
840
5130
946
2303
5754
8484
7715
3509
9105
9442
9268
5969
7021
9393
9566
1948
9873
4248
653
5138
4567
2508
852
4408
7842
1825
6403
3662
7572
850
7260
18
2145
770
9954
773
8931
1636
851
8418
5312
6360
9032
3708
2025
712
5338
1159
4628
930
6823
5098
6668
2102
8229
3571
9287
1346
9559
395
7465
2956
5998
8812
5480
2496
8641
4704
95
43
9951
2396
6198
5271
6420
1613
8482
743
7899
9969
7289
1014
8212
7146
4809
9435
4374
1102
2681
7072
7334
5714
4880
6051
6025
3113
325
4524
4246
3335
6326
9584
7263
1355
2221
8534
9777
9005
4928
2072
1082
1235
4712
3196
763
8874
1636
291
1199
2227
6703
5617
5931
9212
4767
703
9989
7009
912
8958
1418
8147
5840
7645
1594
8136
284
8092
3159
5746
7195
8785
8047
276
201
5755
597
8419
5399
3654
6103
4634
6481
2559
1723
3792
9376
7288
3259
5981
2385
253
2212
6699
1381
344
1705
5274
6506
9314
9725
9478
5019
2011
7441
8269
740
2092
170
2764
1640
5547
3047
2937
6358
4752
7425
134
4857
9381
4995
3508
6336
754
557
7095
1293
5306
1220
9465
3457
7152
2812
6689
9896
6078
6168
7157
833
7960
7649
3901
1505
5196
1478
1450
2664
5244
8691
2231
1892
2064
917
8927
1877
5157
556
751
5057
1659
946
7101
5688
8910
7627
1642
7226
4050
461
276
8664
4229
307
9903
1737
6095
1868
3108
2638
3901
8585
7386
6760
1919
9464
6805
9032
3278
954
2396
6679
4498
3787
8735
1431
9779
6787
1913
9706
495
9272
2354
8865
2427
5591
2152
1912
477
4019
8848
1040
5706
2044
3447
4109
4267
2868
3102
9809
7285
2366
7301
8536
7657
904
4614
902
73
315
5622
2862
4252
5344
6120
5285
3668
5590
9811
4438
3774
449
996
774
6298
1412
1575
5883
396
7154
6242
2665
1
5585
1282
301
9238
6177
9147
3533
5222
5644
9738
591
7362
7982
2925
3754
1414
9799
8117
1787
1226
7470
6043
5032
902
3672
6241
9626
8633
3834
1578
8038
3836
8811
9004
2780
3314
5581
9205
5204
3011
2078
6236
4086
3369
9210
9353
9321
2555
6819
2856
7567
1272
9651
2938
5151
9862
3217
2461
8482
508
3747
3085
7281
6316
9347
7370
4079
5461
581
5820
8244
6344
6328
404
5673
7321
2074
7845
5179
5257
961
3123
9914
6626
5352
7563
4449
1410
9078
8563
2891
1819
454
2739
2035
2858
210
4900
3436
2759
3664
4184
9731
3244
2514
3611
2210
3002
1721
8840
7575
6648
5642
8559
8100
3198
3956
2725
999
593
464
3420
7197
1567
1306
6677
9315
1229
751
5123
1853
5487
8343
1954
4890
6857
6629
2232
1688
163
7709
4170
900
7906
4454
2114
8693
1173
3104
2624
8250
8652
5687
9215
7504
5792
4680
2426
888
1551
3267
414
7001
967
1922
8177
2002
5445
4841
4259
2162
5598
4463
5364
8764
861
2860
54
6629
2238
6995
9461
9936
876
3234
8676
1052
6502
2743
2746
3276
1830
1925
8157
8311
2485
7192
7133
1953
2393
726
2693
1754
9297
9126
877
9526
2467
3733
6419
6908
1283
5318
1291
707
5975
9001
612
7914
7208
384
4557
8374
5196
8302
1817
6353
2066
737
4495
5921
669
6962
6612
2487
5525
2635
557
2457
6490
120
4096
131
234
8784
1402
2729
2245
758
1606
5456
159
4587
6172
5598
9895
1382
937
1758
3237
5703
2862
5992
3897
6408
2875
5377
4513
9717
5021
1583
123
4174
981
2496
4220
1898
7243
780
336
3678
4323
2183
3572
5055
3903
811
3759
2020
7301
758
1032
5183
4530
1776
820
2094
4415
5344
7999
589
5203
1839
5677
990
3818
1965
2641
188
3189
8226
1550
348
1969
6664
2701
5284
2684
6327
5278
1249
4309
9649
3681
1604
8724
8256
9767
3388
7482
140
9221
9258
2810
8449
9514
2001
7128
8704
3633
7437
544
8277
2313
757
5530
298
8770
9796
9917
6441
2522
1972
3138
327
9226
5644
8827
704
6955
2604
6099
4813
7388
757
935
2013
4184
4351
8742
9107
1300
8453
309
4428
3095
1236
7605
84
8973
1364
4393
9130
6989
7270
8275
288
6137
9007
7919
5303
3717
9459
7602
2779
444
1142
9604
651
1824
4287
9804
701
6785
1838
4874
3855
3328
6591
3035
320
7540
2095
7368
4352
1453
4862
4753
7093
7159
1654
8776
2991
3744
11
5408
287
6141
4724
5768
6164
2458
1001
2002
6613
1666
7213
4634
5718
6494
734
8275
9205
1904
1275
7027
1284
4883
4341
914
1132
3771
105
5567
8383
8611
6028
708
9183
7127
2376
6075
9566
158
2791
7569
37
7325
9693
3066
2857
6728
7754
2021
9466
3769
288
2945
5550
8598
1011
1184
8398
6191
6367
2155
2543
9477
1150
8007
8612
5857
7689
1334
1090
724
8126
7584
6996
5578
948
4420
7328
517
8075
4586
2201
807
8775
2699
1991
736
975
2227
7716
6137
6240
4869
1287
8159
6424
5119
3319
3525
3584
4816
2952
1235
7353
8136
9114
2515
3674
1567
5939
9470
600
4057
5801
4962
7400
9719
1893
5623
4353
5089
3508
1298
9318
8660
6880
8825
7538
406
6414
7289
1236
1186
8281
9428
989
1392
847
5727
6056
4307
3642
7547
3338
6298
2562
4145
2314
9903
5761
4404
2066
3060
264
6402
7910
944
8032
7995
4821
8308
8307
5813
7310
2034
4955
5391
1429
64
6715
8773
2838
4905
2910
9364
8936
8789
9308
5006
8998
6075
3316
6111
5210
8276
5302
6609
891
529
2672
77
6009
1039
7772
9267
7798
1418
4536
4332
4007
176
2374
6718
9787
9784
9893
6352
219
4019
8464
8463
1187
7985
6261
2128
7824
7879
4312
4118
923
4224
5177
1830
9013
1361
883
1018
4179
7553
3335
6579
396
8297
8008
3362
5391
2297
2728
600
1883
555
8052
1405
8106
2315
9979
4494
3053
631
3045
7098
3390
7460
1905
7904
850
882
4847
7009
1725
2816
8575
7579
7979
7074
2170
1241
236
2722
464
9317
1567
7510
6161
2223
5538
5441
6304
9299
8681
299
84
5222
3005
2597
8433
2529
5943
1752
4168
8081
3965
4814
9466
7901
476
4164
9010
7162
7624
1037
9667
9293
3247
1770
6479
5279
292
7897
1819
8821
2667
6732
6847
6896
2736
4460
4018
593
6125
1133
1717
2114
5451
2547
4431
466
4553
8837
2745
1135
7419
1378
587
5208
1077
4609
8295
1971
200
7149
9555
2157
7611
7553
3117
2032
8270
9264
9899
9338
3403
7800
4896
8492
7295
9176
1110
6079
1511
5375
7656
206
7742
7575
2686
6864
2150
4003
8191
6900
8581
7588
6226
6291
3522
6466
5974
3744
160
5689
6531
5587
6122
5538
5008
2566
3327
3092
3591
7903
4529
1370
6389
4624
4968
390
1878
9179
4365
5078
1121
6170
5315
3303
3295
558
2280
7720
866
2182
1677
3808
8052
9587
5570
6977
3421
1193
3942
4079
5178
1449
9725
492
7194
6141
2035
4742
8826
6659
6863
2436
7635
7389
8540
8077
5906
4952
3172
8873
3305
6236
7118
8924
581
1171
442
9760
1568
2734
7786
1617
5623
5652
2323
1423
8382
780
132
5248
5106
4462
2359
9525
2815
4133
181
1550
1187
6279
2895
799
1635
760
1802
7733
9454
2523
5771
372
9247
5979
7299
9347
6662
729
492
1691
8328
4999
1477
3451
7046
100
2043
3103
5644
1481
3193
6898
2715
9236
8320
2146
5337
4882
7610
1091
6455
9251
2300
311
3555
2296
411
3372
3711
5856
8736
9366
3778
2292
3774
7823
1886
6207
675
7708
9633
8786
3246
7618
6048
6407
9888
7641
5649
932
9142
5087
2584
1010
5414
2688
9956
3487
4375
1189
6938
7025
4502
3066
4307
4892
9591
3765
1618
534
5960
3955
9432
8600
876
7973
7659
2727
6519
2556
4948
8277
4789
9968
8057
882
2368
2855
9515
5622
9170
2756
192
2579
2647
7486
2323
3767
5910
6371
7450
3184
242
237
4216
4979
1036
3619
8772
2718
9004
2707
5675
2252
9504
143
9538
8761
5059
7781
7822
3511
8561
2195
6535
1520
7130
2331
298
1389
1814
4899
1502
2150
3272
3793
7065
715
6310
4373
7060
7090
7239
2759
8636
6930
958
6946
2907
7968
8327
6673
1606
696
111
554
8248
5198
4856
3384
1840
661
7405
5533
3414
7776
6675
6871
5587
2871
9233
2514
9409
7836
9602
2383
1937
655
3384
6948
3260
1407
8883
7587
428
2226
9634
5807
6828
7318
4601
2509
7853
9832
2739
4152
6506
8294
9482
7799
5758
4480
6134
7250
9157
372
802
4563
2048
2203
9269
5338
4909
4333
847
1892
6679
9116
1202
5628
217
2240
2548
9346
2073
4814
2738
796
547
8751
902
5450
3618
7310
7132
1950
1622
5234
2962
8364
5507
157
2126
7006
8615
2660
7444
5963
46
6656
8216
1849
8345
3908
9521
4080
9372
5791
5039
5201
7287
388
2015
4775
6344
4633
5068
9677
5806
2542
8376
625
1681
1838
6491
3767
4352
1882
378
7792
1355
6100
4028
8764
2051
1385
985
5742
6382
8915
1077
4032
7695
8494
8540
8503
2870
8457
4877
4887
5460
303
1212
4266
5538
2231
691
7133
1314
5384
4920
7612
4261
209
4085
9295
2462
8856
5348
8372
872
7378
537
880
9188
1779
6373
9904
3269
5061
6984
37
5248
1646
279
9983
7645
4429
8542
5545
2371
8902
2055
7270
9716
3247
3788
1593
3316
5625
7353
2091
6208
7571
4134
3497
5628
5771
3284
1100
446
1159
7301
6206
4585
2051
96
7321
8636
3659
421
8834
7917
6060
1871
6390
9808
2678
7864
7971
4172
8884
4689
7562
287
4623
9138
4868
2865
6656
4446
4755
135
3269
3835
4170
9337
2118
8753
8063
1974
488
2192
2064
9254
65
4631
2372
6689
5773
9298
4900
9966
2641
9684
8762
4910
702
8309
3832
3194
2968
5214
8539
8138
8344
7315
1633
1815
7566
4511
8378
6723
379
6278
8924
9672
4782
2471
4233
2575
238
2097
1316
386
4327
6537
2977
6403
3944
5432
7229
895
5597
41
1742
1389
376
2260
460
779
2005
5812
3905
2011
8605
592
1100
6138
6428
7704
3228
8050
8047
8526
7547
1568
960
9624
8041
9464
5685
8083
523
1159
6085
794
8660
8586
2092
1447
514
5277
8625
2968
1900
8103
9174
9606
6139
3140
3569
4514
2230
6530
7145
4641
9154
8864
4674
730
2329
8852
9836
2093
1643
6700
5560
2279
9667
5095
9422
6979
4748
6966
8507
931
163
2557
2062
6047
9582
6078
9893
7260
1885
1495
2516
289
3088
4074
2726
743
7530
463
5206
7087
5444
1141
3040
2872
8453
814
5332
8145
1345
7788
7851
4828
4271
2998
5981
899
2831
9568
9746
4943
619
2026
2343
8039
462
983
7492
726
1411
1952
5947
944
943
90
7124
9430
6481
1238
8759
9096
8185
600
2441
4427
8647
8186
6682
8939
2517
7442
1518
1203
8472
5569
3548
9786
387
7053
6467
1920
9516
2113
1107
2569
6851
5603
7067
7913
1296
4695
7375
3937
9004
242
8716
1369
9955
6946
351
5967
2201
5516
9794
1551
7723
1333
89
2915
7831
4501
2269
1900
7934
5337
2310
4658
8808
4488
4478
8920
8217
7881
5891
6100
8307
3539
5469
238
9244
932
210
8806
6833
518
5974
9979
2268
2431
9127
1369
226
9224
7096
3955
1599
544
8843
8162
9382
4466
3317
460
1412
2020
6685
4504
9221
8225
6613
4721
9801
7402
8220
2537
6600
9464
6578
1280
8243
2037
9326
9045
1933
3564
6573
476
3226
558
9804
5057
5302
2471
8200
3484
2825
2240
4707
1862
1802
4022
1178
1451
3762
3674
9540
8799
307
1979
8782
8726
6168
6161
8085
4703
1471
4619
3140
4032
8836
2731
7487
8344
8527
192
558
5281
7713
5429
2574
9141
1339
9864
7780
3395
1040
2670
6372
4721
1996
741
9345
4692
6036
3642
4310
9822
2592
5931
7124
9063
2231
16
8461
4815
6873
7462
2480
547
1875
2379
2710
1102
8975
3905
1229
9234
7626
2909
9650
8455
9866
6575
149
6195
9455
8919
5639
4138
440
4726
6743
7416
8826
3731
5261
9517
6157
4399
1175
6921
1656
3947
739
760
1086
7976
7611
6751
4520
207
3511
4712
3509
7826
5424
426
5807
9266
1217
9485
1552
2979
9795
1116
6277
2493
1929
8523
818
2037
665
8379
2246
8283
1020
7692
977
8660
6439
3907
7107
1515
9131
3693
7750
980
2826
1986
5022
2018
6156
7644
464
9114
9201
1290
1089
3286
4007
8929
528
7854
1166
1842
9383
7444
7722
1426
6110
3455
9577
6070
241
1083
3654
6621
1572
47
6829
4578
5875
111
9840
4194
5870
5235
3001
9243
7541
3159
241
6086
3584
4084
6944
8870
1043
8015
2678
3585
880
144
1241
4943
7629
8758
8496
8512
887
9946
7024
4851
4919
4849
4852
1269
7860
965
9891
918
8761
4758
6413
4674
3513
2173
5685
2894
2352
7714
1989
4050
2140
9119
6303
710
3516
7220
8272
5408
1304
3116
890
1325
6481
4832
818
957
1753
4074
5382
9668
118
797
1507
2094
8003
1715
1895
291
680
8791
3266
8188
2604
3828
9218
2661
8232
1981
9103
1603
2589
143
8260
7159
6505
1492
3328
211
1494
2617
2876
3485
8595
2355
4317
9538
6135
2589
3500
6541
9475
4629
2852
5160
5751
8631
6795
1953
7112
9690
1381
2417
8673
9130
4086
5690
8711
4629
6711
5935
9025
27
8123
5000
6184
7807
1297
6453
2220
2819
2476
7299
2727
8675
5826
685
3686
4336
9266
5461
1572
5985
8698
6963
8713
9093
1208
2125
4596
6876
9567
8824
2149
7254
7532
7021
3726
6667
3177
1616
7498
717
4225
2861
4974
9979
8773
3204
8207
6504
3679
1927
9109
3179
8918
5377
3263
3800
2049
4617
4503
8159
927
3366
3895
1699
4326
1462
7068
2974
4955
3754
4601
2739
6498
8164
6831
7652
1477
7716
812
7141
7738
1967
9458
8112
5872
3282
2570
699
6923
7653
6552
6775
2401
2307
1457
7210
5155
5944
906
4672
4832
924
5858
7325
2166
8320
2227
3638
3530
7478
1621
1936
5962
6374
6740
8761
434
2862
3811
9222
8492
8666
7712
6621
491
9413
8954
6852
713
1662
480
4233
5279
6670
3292
2131
918
7544
7329
1017
7724
6770
8753
4098
3529
580
4545
396
3906
4559
8320
2481
7309
9728
7190
8887
7046
9476
7434
5671
7890
8286
8807
9729
7506
8327
3088
4029
1402
229
5457
7397
8354
895
1720
4977
733
192
851
1123
1865
2602
9899
1108
6278
2014
3042
3135
1578
8313
4874
2397
7620
1824
2214
4832
5919
4255
1125
3572
9082
942
9403
8754
5686
6182
6962
679
223
7155
8642
180
8622
6714
3740
1112
3422
5180
3869
1755
638
5531
1713
7740
4263
8461
8646
6046
7503
3839
211
6062
9005
588
8040
3896
9790
9982
615
3754
9766
9124
1444
1337
2763
5941
7498
8787
1887
5219
1582
7205
3980
6227
9783
6094
1765
9021
2750
2707
4138
4719
4546
484
9644
247
9087
1695
5634
3440
2976
8740
2252
5628
1635
9497
534
9283
221
1342
9935
8299
8637
308
5626
2057
5077
3833
9188
4503
3558
6983
280
8326
6331
7807
1824
3942
9737
9391
3532
3188
6805
3852
5687
8066
6598
4092
3528
7837
8957
7970
8183
2459
803
9183
8337
164
1586
9319
718
5012
646
3875
3584
4349
3621
5445
8719
2033
1564
1521
1459
2416
3484
6521
433
3551
2566
8457
3769
5419
1075
7077
5135
5916
4391
320
3609
4253
1926
9055
8425
3595
5831
6749
3212
9036
9704
7264
1393
2289
1154
6523
1662
9807
9631
6165
1968
5531
3546
458
2017
2404
246
3521
1647
1526
1793
5806
4442
3515
5641
7065
6734
2405
8080
3502
4290
1354
9261
9110
496
9886
1171
4599
5126
599
3253
5879
6428
7629
9626
3558
536
1889
462
1373
926
9552
409
2257
2572
3703
7508
3821
9652
1001
5833
5935
6219
9599
2202
3281
7330
175
9286
7083
7107
2753
4823
743
3999
878
5902
2357
3093
1833
947
8384
2373
2130
9256
193
5702
6057
8158
9011
4613
1888
9147
3143
4367
4788
7066
1288
5553
381
7554
2609
3293
6324
1740
2285
1055
8181
9087
3215
4961
7381
622
2596
1133
8805
9589
4662
1345
5608
3456
3235
1399
3905
3085
4285
1141
4497
2082
3859
1171
9600
7506
943
1947
1321
28
1249
790
2619
900
861
4612
236
2567
4656
6844
6529
1513
9081
4677
8412
6193
7381
6611
8838
8791
2427
9383
7325
7948
938
8080
9871
2283
9151
6231
7079
3711
7595
1514
1911
6374
8389
4790
3127
1252
1036
426
9661
8443
6928
7914
1550
3321
481
3041
340
7954
2392
3435
129
3983
6149
5298
7874
39
7128
9111
1191
8206
7732
2196
8418
3852
6192
6975
2574
9151
816
689
4434
1571
2820
2007
358
8720
6319
297
9477
5573
139
4682
788
1972
5100
1424
2162
541
5906
2292
9505
5856
7282
5851
9139
7758
7494
1382
584
127
596
1559
7256
2633
3133
6646
3963
5967
5128
5875
1953
7192
4462
7708
975
626
2615
5713
1463
3030
1045
678
8892
1470
1086
4457
8484
292
1120
9732
190
2205
656
4853
3637
4982
916
7485
2518
5565
6354
2390
3647
4435
4216
5833
617
8353
7198
7006
9144
1129
6472
8980
2784
8478
5969
1268
1034
1431
1492
2482
3751
8639
8796
4739
4804
1441
8207
9989
4431
2178
3127
4811
2312
9471
3857
6648
667
2185
4873
4799
3214
3470
8950
2344
2870
5546
6897
197
479
2766
5868
8821
812
4079
8193
7737
1083
9218
952
7286
4668
167
6093
3226
340
9475
673
946
5869
1619
2576
940
9088
1998
8068
184
6326
5498
6360
3044
3451
3665
1566
9448
5780
101
2309
8255
211
7762
7926
9544
920
3587
6814
5611
3066
6008
7552
9328
9222
8614
3692
4092
6823
9199
6251
3421
9655
5316
3292
1193
2917
6809
8740
3794
5784
5208
2753
284
4563
2600
7968
5666
201
7886
8832
2294
2162
2868
4679
2824
1983
986
9123
1880
3883
6411
8755
6175
2082
4450
5847
1147
7558
2652
5909
26
8976
3136
5886
4010
6692
8108
9984
3293
5016
8209
2141
3186
2246
2706
3372
6738
4735
4552
686
5977
2371
2746
6436
9606
2159
6507
3088
7300
5158
7733
4425
7817
67
3477
4514
895
8253
8134
6781
1569
8892
9395
3180
4393
2571
8711
5016
2344
783
6519
2182
5941
1799
5091
5751
8073
3925
2024
4366
3626
6444
1897
5703
5575
6489
8288
3431
3059
6615
5375
2927
2838
6382
444
3140
8833
4268
9085
1060
5184
7222
1023
1089
6452
9088
1950
7682
210
2444
1232
9947
1990
8480
2770
3993
3212
2235
9320
1107
7744
2713
8606
6894
9252
8597
53
9663
1778
1406
6411
4086
6771
2173
9129
2409
7312
262
6835
7118
615
9341
8523
9310
2144
1275
6823
1910
3839
2321
2485
8000
77
5964
1612
1682
3395
2138
8308
4068
1926
9932
5513
1207
121
7548
4364
9285
671
4288
6571
6244
929
6192
5218
1151
3423
2245
5537
2134
378
2786
7855
8245
9233
4888
7024
8659
4890
1860
532
9659
4788
428
64
672
2522
746
4416
2381
3803
4775
4061
2842
455
6668
5099
6150
3053
7909
9239
177
8947
7927
735
7961
581
2644
9714
4793
9330
1948
3434
8956
3763
886
1511
792
8926
5728
8366
3272
1866
7203
9985
7530
1075
9930
577
3131
7840
7732
3265
9920
1635
296
5053
2486
1841
9801
8938
1580
1043
2074
3424
927
7372
6707
4614
2710
4092
1941
3293
5520
5140
9995
8335
987
5099
6161
2057
3974
5249
281
1799
9769
3106
4540
7199
6371
4781
7102
6193
7188
3093
2933
6605
6525
6487
7931
213
404
8749
2626
2133
1900
723
7911
6416
5029
9113
9338
8573
5935
5096
4301
6802
2037
2920
5259
495
5080
2896
4396
1822
8777
5584
6246
7705
7612
2636
2005
1389
3449
7897
2046
5822
1636
9134
1424
2076
8767
5667
8925
6084
1023
2316
3176
3545
796
444
846
2420
1597
964
4474
6714
7412
9051
4756
6685
3573
1394
5482
5606
4253
6968
5490
6689
5936
476
110
9241
6915
1585
945
3014
460
4199
465
612
6791
1015
3485
2918
2586
1647
9233
9531
4219
1071
5000
432
7473
1763
625
5334
824
1202
6501
1221
9688
9974
3720
9617
4248
9661
2446
4716
9151
5919
8832
7132
2524
1473
3615
558
6695
8266
744
7787
392
2420
1769
7226
1590
7861
1571
3591
8466
6271
5184
8371
6997
3508
6647
8219
6678
4190
3197
7933
6753
7773
1119
8312
1637
1858
2701
1907
6253
957
8489
6770
1025
8146
880
7812
4653
3393
4328
5008
851
4886
9899
4017
1181
1006
7922
608
7413
8203
5062
1873
3832
9641
4803
4368
5064
2018
5999
9390
2802
511
1049
2310
208
4801
6405
7093
4607
9951
615
3690
4483
8496
4493
969
313
8587
3986
1190
2494
9005
2624
2673
8478
2059
2007
7133
4879
5001
7019
661
2639
7306
9954
1857
3163
2136
1743
2437
4147
8711
5720
5355
1466
1749
2143
3427
610
9188
5919
9383
6327
4332
7028
628
9690
7915
5024
678
7681
5358
7532
307
205
9604
8604
2330
3484
1408
3014
7069
4112
4272
644
6269
8432
9101
1512
3590
270
866
2208
7915
617
8959
7674
2962
8451
2448
8025
5155
1206
3610
8632
7069
7458
790
574
2266
9290
914
131
4980
96
819
5491
472
5918
5439
2289
9514
9479
2331
5981
5593
5436
6400
2217
2132
2195
6019
2584
9565
3254
85
4136
6621
40
6600
8545
7976
4301
6612
4030
1554
4138
7656
6076
850
1754
9925
3489
4487
2099
6343
5007
1769
3689
6133
2105
3681
7569
2412
4917
5146
4456
7
1651
4329
5573
658
8141
1852
605
4270
9439
3568
262
6439
1784
2533
2142
453
1313
3189
6748
4624
9998
3571
8342
1911
2579
3921
437
3923
1417
9221
1046
1175
9810
9724
2595
6171
6857
1295
7586
5626
3804
3029
6172
6712
4942
7801
576
3656
4057
5533
2952
172
8001
6976
733
6222
1599
556
5879
4575
7580
2419
9319
7359
1036
2027
9929
7004
9597
2551
2996
8382
3904
8873
8788
3138
5287
5636
8922
438
5504
55
2225
9413
9009
5735
9492
7522
1988
5451
5423
2442
1845
8686
1172
8293
3242
160
1775
6606
5906
9646
1883
7283
2001
1428
7014
2735
4427
6640
9106
4902
462
4985
5294
8353
2118
6912
1621
5771
987
2933
7045
714
1757
6973
1331
5218
8131
1666
2620
6311
2736
5452
431
3041
9687
719
3434
405
1377
9189
8658
5426
301
1021
9335
888
2135
884
9719
5200
5163
1491
3473
472
7804
616
125
878
8432
6554
7866
9807
4446
7848
2120
2336
5740
9233
2616
637
2562
505
7937
9120
9106
7482
740
3268
2972
1337
913
6010
7645
9307
1115
7916
9576
2424
7946
6752
665
7295
2128
1440
4501
794
6031
8888
1029
8083
5576
8575
6277
54
134
9065
4760
6153
7885
9628
3182
6970
3469
4369
8745
1496
8364
1598
9612
4052
3555
3058
4069
4985
9238
9600
2077
6026
6842
9616
7453
3611
5315
8946
995
6147
4043
2613
1701
8513
2826
3687
4261
8092
8482
717
3638
4559
4522
7957
2318
469
238
4282
7212
416
5012
6104
2684
4129
6530
5713
6857
787
5743
4368
2595
7641
8519
8619
4321
4666
4067
9822
4040
25
4344
6998
7452
234
3646
251
6743
4417
7956
5345
4152
4077
8947
7888
4781
3462
976
7107
5956
9811
8293
9807
3294
6703
786
9141
1877
9948
7632
4761
6064
6936
583
1123
1877
1648
1777
694
9342
4722
5662
975
5503
615
9753
8704
1462
5697
5050
9694
1412
5041
5310
8120
1019
6045
2596
7737
809
1088
7690
4816
212
770
6791
9741
2390
1625
3097
15
3979
752
3443
6332
4601
4375
8127
2960
7696
3051
3066
3642
9217
4999
1120
1747
8339
1691
9605
2240
9652
45
5927
2490
4845
1245
5392
1004
7194
2686
9312
2365
9160
2417
9754
3615
6879
3859
8446
183
1394
3819
8327
7854
852
7901
2037
6551
9694
210
4766
3682
6895
4635
2176
1568
9123
2468
1643
7336
1046
1510
5805
9786
795
5711
2045
3762
4952
37
4300
9487
9573
6841
8041
9972
8821
1657
2516
2446
6931
1481
6629
135
3121
675
6558
9259
685
8012
6398
1593
6965
8937
7175
8364
6668
4401
7203
3675
6301
2501
4034
3406
6656
8734
9479
6370
9419
1109
7300
9998
2075
8697
6579
2871
4403
2604
103
5121
6275
303
3346
3671
1757
8271
7240
380
4740
8336
6644
1763
8358
8841
6905
8524
7244
2192
7211
2161
7199
9720
2047
2128
6253
5592
8833
4665
5068
94
293
3834
2814
5076
1776
9433
3254
6977
6263
4930
7611
7907
1847
5170
7882
2507
1384
4851
7808
5994
2476
9496
504
8955
1628
2412
770
9216
437
2566
6005
4210
2126
2432
6326
8611
5502
6248
7545
2214
9260
1766
2520
6818
966
2543
4354
4947
7926
4746
2229
1153
5506
961
8703
1669
2899
4010
1569
7161
1273
1286
6358
2943
1516
8601
8546
4965
2245
220
1742
8071
2159
4688
4115
6549
8376
4036
3813
6231
3437
152
9027
3071
437
6178
6651
414
9164
2433
9235
329
2355
881
3526
3981
822
9615
7547
9809
2558
8957
6748
27
104
6455
4454
4661
7894
2999
3324
6129
4036
3670
4129
9387
8701
7972
5766
4670
7407
1083
7296
2938
9229
1839
1469
1941
9924
5096
4345
8287
8752
6034
1724
1562
223
6644
7462
2025
5094
9825
8206
6872
2291
252
872
3821
98
3439
5717
8078
2132
8478
2847
9748
269
3383
2405
1134
2382
5324
4595
2696
2578
9301
6853
2012
1628
7183
4478
58
6689
8106
7572
9317
2754
2738
1695
638
4493
5643
9970
3973
1523
5491
1464
8829
4989
1778
6803
4496
5435
165
3057
2034
7550
9804
6112
3178
8807
7888
7012
719
9455
8473
8790
9551
6424
3551
4751
181
4580
4688
245
2620
213
3649
7829
6031
2964
952
1698
2963
1078
2906
2972
2456
2779
8400
1733
9323
6537
6463
5680
9280
233
1992
251
2286
752
237
7295
571
1424
1109
9285
3977
4816
1298
4027
6049
1066
7409
9608
6096
516
8114
1148
9583
8513
3609
4203
568
6040
195
1275
7093
9765
6765
1372
7466
2399
994
3992
6006
618
9715
859
9399
8397
7436
4021
4124
71
853
4077
5918
8638
6550
7336
7889
6760
3758
3338
2263
2221
4262
1997
519
7788
9633
8128
6428
2782
839
6913
1232
1656
4050
9758
2699
3237
649
7481
3271
8051
2491
7978
1382
9548
8558
5929
5157
3432
377
1676
3922
1969
6190
5149
1997
711
636
6448
2971
1461
5444
2771
8769
1332
1930
4567
1855
8062
7407
415
5354
5910
6733
4135
62
9334
9602
5958
6948
8969
2032
5542
4753
1386
1396
980
7279
9469
2390
4355
2288
2748
2832
2918
9983
9268
1603
9358
1770
6354
9302
9008
7245
152
561
1931
3072
532
265
6632
2133
2179
4956
5059
8122
3026
2112
1609
2662
597
2406
5362
2033
172
6149
8881
4020
690
8356
4762
9812
9735
280
4084
4665
2881
8624
4542
1844
2127
6252
3495
5664
7470
5189
8600
7095
8656
6761
2101
7752
1769
8006
1237
4024
939
3657
4061
6104
6421
6215
9668
4741
119
2172
6642
1109
729
2609
7866
5808
2317
5620
570
269
9315
7507
2800
1663
9259
584
1087
2704
2416
2476
3075
7005
7011
3205
9265
2001
4581
7938
3987
2246
4793
9161
6786
3385
7001
7406
4357
8558
1288
7079
8217
1989
2248
9885
849
3211
9501
3942
144
979
338
609
1924
9414
1258
8833
9942
8025
1657
2254
5887
7711
4101
7784
4798
1614
6759
4941
7495
614
5670
3389
6973
175
1942
109
1427
1122
8797
7849
3792
6587
6166
3165
929
3853
1306
5861
1716
3799
6971
4931
98
6214
3763
8001
5596
3691
3437
3111
9017
6654
8545
6272
2014
1955
1366
3625
9776
6172
3011
137
7350
6847
8902
5175
3186
2618
1225
3032
9314
9492
9906
7704
6834
4229
4251
1051
1508
9128
6065
8548
4450
6592
2208
8726
5923
6074
9086
5690
6621
530
7223
6528
4619
5160
4842
409
3887
4931
1537
1443
408
1350
982
8278
2871
691
5252
7136
2271
2446
3741
6620
348
6196
939
4409
5925
6283
9272
7527
6484
4362
193
628
1270
9933
5880
5833
942
4178
1977
7311
4543
6168
2480
8630
474
5929
2905
502
3956
5940
8391
9735
8748
2000
9929
4863
3884
6878
6154
9098
7677
9231
5433
5631
4848
8422
3977
8224
3290
3438
4265
9202
5903
1279
582
2238
5699
2733
9791
6054
1116
6290
313
732
1020
3630
1892
8448
1839
8236
9566
1865
1232
854
135
2615
5840
2891
2229
7558
9193
5488
6569
3572
1615
7333
1537
5782
5625
8058
3247
1048
7407
5185
4330
6725
1252
8709
451
6950
934
4044
2171
3262
7507
185
3475
7781
3839
4453
1028
5314
9635
4495
737
1999
5144
5521
4425
216
8357
1317
1521
5092
3892
2088
9170
3560
91
6254
1214
8968
5258
5766
6697
4991
2353
9567
1077
6912
1380
1995
6367
1710
6625
7091
6137
2873
2897
3115
1159
7994
254
7784
4845
8450
9044
847
856
1358
9210
4975
9005
3757
771
946
7008
7492
5408
1040
5014
9218
104
485
7068
1232
8731
1300
281
3547
5923
7932
3713
4774
1469
3498
5436
8201
3206
4783
8246
7902
5769
515
5096
158
3608
7673
1496
9943
7337
805
2108
7953
4595
5436
4788
8801
8
379
969
2653
7142
5563
7969
3250
409
3123
6420
4850
4131
8830
5795
6322
6255
2671
2744
7667
9010
7346
9689
254
7059
4757
97
9798
8540
135
4016
9145
1073
6207
1377
6711
2417
448
4333
9318
2043
8252
5679
8485
2515
2935
3559
4640
7108
3709
3347
5364
5160
1910
1179
5075
54
5720
1467
3785
3036
9486
7607
192
5262
5897
2201
5665
3949
7572
8815
3148
6826
2940
7539
4314
2621
3119
8891
3457
6866
52
1362
7448
9347
3852
5622
5324
1756
6215
5156
1298
2122
634
2944
8605
5238
7951
7818
738
2417
9694
253
875
9007
5403
2778
2665
1657
1488
277
3805
9550
7820
2158
6008
1803
1740
3810
658
2459
7385
3778
1608
6175
6802
1317
8090
9153
7803
7354
9348
4838
5654
3089
2906
8322
786
1387
6217
7008
2385
734
988
7443
1758
4781
5485
1863
7454
3831
3932
5179
8374
4703
3573
8515
62
1309
5549
6184
3349
3619
5725
5635
7605
4594
5618
3834
1160
5341
8308
2394
1770
7182
6277
2150
4609
8569
5437
1807
7883
6606
7812
3957
9719
1746
9471
1564
1959
4336
2159
2067
3875
5867
1990
6641
5474
4872
6891
96
8293
298
1856
4478
612
1070
7986
5234
3277
8232
544
3020
8762
4189
5392
3857
8883
5171
5631
3461
5651
7414
9527
793
1135
5340
8150
7095
5269
6859
573
2683
5345
3897
4902
1797
8726
9444
2089
7581
6059
6004
608
7062
6371
398
4041
3734
258
7226
1805
5908
4845
391
1839
9075
8273
9725
1031
878
3542
6323
7551
964
709
226
3373
3063
936
4954
9907
8335
6482
563
5011
2900
303
5719
2631
3468
7932
3839
96
9090
1018
5947
3709
8488
895
8693
879
3742
158
4632
1915
2563
4168
2589
2783
8859
3683
3078
4888
433
9466
9807
6563
1375
5157
2402
6002
1197
2922
8458
2194
9526
4500
2362
4027
561
1539
8366
1991
4382
2756
5986
9255
8895
2435
738
9298
9945
2878
2130
5823
9531
9628
5311
7654
735
7149
3829
7730
3310
3171
9907
441
3913
3394
7980
415
3381
4132
8543
7623
6135
593
7417
6668
9632
7453
3641
8671
6186
1585
3253
1938
612
8510
635
3028
3867
272
682
5662
5530
784
4530
2302
6354
6348
6745
6465
6061
5067
3776
2311
1440
5163
8789
7217
2703
4254
5018
4542
390
9573
3190
6727
6917
4587
8555
8087
1067
1829
4776
3615
9063
328
7887
4825
58
859
8201
43
3201
4895
7833
4014
5682
6812
5567
8240
8132
1406
6734
2903
7236
993
1519
9655
2709
3256
8295
582
2808
2436
2455
9677
3373
4995
6450
2945
6713
2198
9189
7748
8728
6632
5394
278
8884
3660
6045
3039
358
7798
8171
7634
8813
5005
5111
8922
509
9615
1063
616
8666
7717
1198
5136
7253
8745
4212
6720
8806
3414
7683
4915
9291
4686
8659
3765
5711
7138
8584
9192
1454
5853
6858
2198
4616
9617
7510
9768
9397
151
1747
3414
2856
2145
8551
2784
2215
8627
3307
8556
4537
9169
6189
8385
8097
3162
740
7796
5466
1990
9913
4705
3444
1083
612
716
6014
7846
1252
632
3940
6584
4451
2088
5307
6271
4889
2452
3562
6920
6161
8750
9515
1905
8345
966
3843
3091
6733
2507
7630
9040
6822
7395
2143
7001
8159
6892
4550
6019
9
1459
2498
2027
5264
2102
5050
2888
3421
1637
391
64
3340
9950
5684
1838
625
6970
4552
2434
951
5921
3555
1352
1705
1045
1623
8510
7445
2318
6409
9313
3053
929
1688
6519
3952
4039
2990
3635
5721
7643
7285
6964
166
9924
7931
798
4027
4980
3737
8845
4152
1184
2000
839
7017
8177
8053
7442
5628
938
9647
7911
9720
1994
4686
9797
5036
836
8511
696
662
974
5389
5147
5637
1560
8553
5627
6225
4013
3165
8606
6313
9326
1902
2725
3581
45
2017
5326
1854
7351
5263
8077
6643
8038
7387
5755
6717
8854
1796
6799
2716
6406
4102
4605
3507
2865
1718
3708
9418
126
1165
8765
3859
8196
5764
8
2287
2178
8962
617
6178
206
6130
3851
7124
2253
5016
3523
3641
5731
1509
753
1955
4682
1081
2258
1207
4200
9001
4042
1406
877
1553
9456
7964
6298
7339
1770
9622
3304
7057
5931
3408
4343
2527
8122
6228
1030
1053
8085
5210
2531
5419
6373
8516
8052
542
4723
2617
1045
6618
7868
2821
1490
7472
1585
718
4488
6715
402
2138
9191
8261
6349
4799
1418
6607
1553
156
2266
1697
9655
4502
5440
1470
1859
901
266
4956
7240
6369
9536
8194
5274
2663
2535
2019
9144
8960
1509
4155
537
9219
6038
8327
1109
825
8207
697
5352
5170
5361
780
2611
6583
224
6709
2116
4912
1045
5051
279
4775
2625
4761
4124
1692
9474
385
6891
441
5691
1795
1190
1385
2623
5726
3614
5637
9374
4534
6808
7600
8451
3783
8256
7428
3309
3897
9199
1947
8845
5349
1242
9363
1151
9222
8363
7340
349
7715
8212
435
3248
9180
9153
6452
2616
8259
9725
907
4702
9726
6520
4908
2872
3818
7591
3301
701
2130
4636
1776
9161
1391
6152
3645
1075
4658
9710
4335
6398
8481
3418
2357
8285
6030
1762
2300
9498
1982
9468
6452
3560
5288
96
4624
2535
6716
3007
8610
6296
679
1572
8694
691
2516
1801
4813
3477
6020
3198
237
4829
5410
5286
9911
8953
1168
6898
714
5485
1206
2562
9606
8740
4877
1993
1571
1785
9334
4896
9746
6344
8992
926
5365
3633
778
838
2043
1789
8437
2705
5438
2660
2254
751
2177
2366
6363
1288
8004
8760
6804
2887
1386
7082
2324
7209
7245
3702
9551
6739
2320
4980
5622
6930
2820
6924
4793
5606
8191
4563
1677
4354
8699
7337
1022
6445
1291
6914
2486
9436
6083
9013
2367
4020
9256
8849
3334
4059
2134
5638
6272
2782
3921
5923
6529
4360
3853
1004
6970
914
8098
8238
4611
3110
8842
582
282
7624
4765
4414
3354
3623
2464
4666
816
3696
5433
3891
8250
8628
629
6449
4961
3131
286
782
7848
1305
7927
7816
2437
2960
8586
8840
4591
4487
4757
5617
4089
313
4863
9034
1887
512
4721
8416
3326
9347
3043
9942
361
318
4420
8190
3801
3122
7439
9053
4820
1932
3498
9738
5649
7642
7393
3047
8075
4540
3698
6099
292
3623
298
7294
1180
6239
8800
6159
6562
5334
2736
7091
2058
144
795
7191
7536
2250
9548
9816
5628
2650
8462
1720
6551
5016
4237
9892
3388
2637
5755
8259
4994
4666
1764
3602
8970
5789
7939
5294
6516
2944
6070
546
374
5827
5408
5746
6399
4171
5533
7270
329
4250
9707
9147
8878
368
824
7990
1805
8690
3846
8763
860
4715
3638
7485
400
7457
980
7495
1899
393
3823
634
821
6701
8444
424
7182
7773
3531
736
6387
9764
5258
8907
4623
4844
9768
9383
6468
8692
3725
5777
6042
9201
2281
825
2486
7315
7898
7632
3519
2826
8753
2805
6942
5416
8455
6529
7700
569
5356
191
3137
1072
5969
2160
6801
7588
8439
2925
697
9179
6743
8974
2483
3253
499
7852
2422
4748
7660
2082
9370
5082
7302
4857
762
2396
6825
2564
8490
2534
4810
2425
2859
7831
2761
497
4989
6366
7884
8129
9685
7229
1548
6762
7615
8925
318
3455
4806
2451
3140
4261
9537
3393
661
5247
8944
4144
7771
9610
2184
5036
2139
9350
9706
3008
7691
8087
1483
1412
1135
4091
3263
3236
7924
9053
968
2435
2976
4873
574
6432
41
5249
9599
9224
6470
9247
25
2172
1107
3644
4132
7444
4041
3536
2470
2883
7341
9531
7906
7117
440
563
4209
903
2951
1727
2019
5230
6163
1700
1911
3243
4131
3165
8921
2662
3281
2785
9948
9608
6715
448
6249
4981
4731
7133
118
7049
3897
8163
8602
7570
4494
6881
4400
4479
2077
4935
6811
151
4014
8646
9033
2749
4010
4867
2362
9027
9934
4140
9298
4589
73
1774
5933
5335
6568
7415
3491
2873
7909
1591
4477
1018
8444
7500
3127
8755
3582
2030
9637
1429
8184
1080
3403
5357
3878
5945
1336
2263
3413
3946
8835
1330
2263
880
4377
5890
3898
9540
837
6571
7227
6161
4689
8173
9415
4765
7083
4603
5810
3404
8588
4064
8475
8418
5589
2020
3536
728
8283
1547
5454
3489
1190
4591
1660
9756
6564
2655
3048
1020
7811
9368
8066
6951
9422
1139
8216
3372
375
3439
9937
5417
6
1681
9438
3500
3569
2537
78
7816
1133
214
4241
874
9171
2444
2239
9132
2967
9637
4026
1721
1941
8567
6705
546
2653
1717
3175
3137
6209
9992
8275
3165
4027
2063
9305
4285
7189
1716
1737
9008
7139
8529
9942
396
4691
6274
6346
8470
7849
6701
6056
2162
3700
2016
5026
2266
9381
8634
764
8996
3505
6765
4897
479
9045
994
1060
5551
9241
445
1273
378
6280
3682
870
4865
2606
2472
6388
1507
3731
1710
7578
2446
2664
3644
4972
631
7327
314
2208
1004
288
2342
545
8233
4473
114
8599
2728
1622
157
5351
9500
2321
7027
5623
8815
6876
9047
4837
7946
2460
3920
6248
7798
5816
5153
6855
9505
6307
3806
5177
8803
4758
8620
7725
497
3521
3528
570
3601
6403
8363
5161
4383
57
5148
6482
8064
7171
1782
5301
6229
5837
2283
8939
1330
7549
1562
1051
4879
8856
6925
3792
5455
4218
8038
75
7312
4885
5035
2070
6610
3065
7583
7497
75
838
3251
2176
1850
9502
9773
5916
9066
2222
4376
8969
5738
2430
1196
768
2555
4071
3343
6926
841
8917
3580
8533
1293
6589
2595
4641
4242
2960
6418
4750
5896
5968
1778
648
8997
51
9892
3186
5138
998
1310
6107
7141
8596
5697
7582
7067
6535
6429
7130
5497
974
1543
2401
9954
9376
8329
1812
2411
2079
9547
4911
8829
6080
9793
1825
6219
9643
7860
9215
1861
2574
4518
4874
5708
5430
1712
365
1688
161
2014
635
2310
2686
1534
6585
613
7782
6820
792
6611
2127
9426
502
2899
62
8822
2085
2579
9277
7172
3404
923
2845
3430
700
5032
5886
7505
822
8425
8812
7322
3963
6521
5452
3705
516
9327
136
6813
3539
227
5607
6287
7946
866
7825
91
1483
2260
6289
7405
6287
9979
9804
1640
6538
8287
3089
9117
4559
8024
2913
9274
4545
1259
3617
1521
1994
5352
3022
6746
2927
1763
3504
4747
963
6994
7538
3447
4826
4567
6497
5909
2929
8191
1394
6899
717
1001
345
5899
8945
5499
9448
8949
6261
4770
6165
1756
7187
2216
1279
1989
9346
9307
1442
8893
6105
1515
6696
3971
6140
3924
2050
3350
2299
685
4888
9424
4620
4896
2830
4979
9717
1835
5352
9891
4974
4886
3951
1733
6791
7719
6308
9301
1334
1602
1380
1662
5524
6165
2748
902
360
2643
2511
3704
2355
9630
278
3590
542
202
359
2334
5441
3984
6890
9804
5766
97
5239
9313
9870
92
7764
7907
2178
9746
990
2069
9740
1415
2470
7640
9942
7083
382
4257
499
394
1347
3469
4461
8881
157
1715
287
1474
5813
553
2932
1241
8471
8442
8320
1840
6328
6726
4382
9953
2585
8602
1033
9242
8125
2817
8254
9797
4503
2843
8657
9848
1208
4526
2640
1403
6856
2954
5718
5960
7666
9233
1681
4280
1189
839
9637
6971
935
8838
4129
792
349
4133
5587
358
5769
3690
648
2921
3891
7838
1591
3602
156
4688
6719
4432
6958
3660
4333
4444
9016
1565
7507
7524
1113
4304
8613
5461
9850
8716
2357
8718
5873
9311
6882
4211
2483
2746
1693
6479
4970
3696
2428
8766
584
6043
1394
4218
9914
4752
8798
7124
7456
5732
4051
7174
6140
9950
1176
8790
8521
8830
3681
2541
8158
5327
6766
1752
9139
8330
2403
7311
1571
2651
1592
3957
7603
3143
3969
2128
4274
462
1840
169
1601
6846
6937
1781
7733
1128
551
9941
7259
3047
1933
6187
843
9454
4384
2671
6560
6784
3011
5681
3863
3014
643
3759
5654
1933
2036
7417
8767
8335
4555
4019
8324
4179
1005
5019
5837
8343
2792
7868
1865
9388
161
8705
7745
3970
14
5390
435
8614
2965
1436
493
6410
5669
1492
1896
5284
9635
8926
6760
3689
871
7850
5521
3932
3080
5678
2268
4337
7861
257
3626
1111
630
7031
1784
5541
8466
2606
9171
1252
8162
5081
6446
9470
3894
4747
7282
1301
1718
6151
3494
695
4780
2341
415
7536
8128
439
7945
2400
4708
4605
3159
95
2050
7685
3287
303
5682
7447
2201
3521
3712
1168
9650
4906
9838
9854
6556
1175
3525
5404
7152
8526
8642
6909
7415
2279
1407
5566
9501
7435
3423
3303
6567
3452
2350
2307
2758
470
7672
81
2749
2245
3945
441
9904
4278
9157
9107
5485
9634
5673
6420
559
5208
2113
6938
3024
7914
6315
2443
5439
9355
2460
1321
6515
6919
5907
424
2575
9876
3275
2179
5062
2872
2404
460
1648
8619
2035
6307
2558
7262
9064
5752
5642
6540
3217
2084
2003
3888
3774
3109
1672
1383
9269
1289
1154
1463
1847
3918
5287
9056
6930
8614
1645
546
1848
6672
9499
3344
7024
6757
1126
4340
5516
609
7275
8866
2811
7971
4599
3809
5615
3654
5983
7287
737
1184
9661
2212
211
2555
2553
163
3143
5763
8793
108
5951
9647
2713
6110
5508
1731
8958
843
8827
549
4967
7379
4581
4494
7621
8214
8422
6356
3565
9684
5512
1110
5004
8455
5792
2920
8971
5892
4785
4271
1058
558
5904
2303
2417
3419
4472
9539
1453
907
9247
252
2872
5046
2280
287
1669
7333
2458
312
2554
3429
610
3747
1174
1943
7061
7788
1013
2251
4792
7989
6786
590
6579
5449
2684
2321
8194
1694
1196
8365
6238
6752
2550
5379
797
7180
7294
5561
4437
5274
4653
7762
8647
4975
420
5820
1705
3985
5328
5793
8932
5036
9807
294
4832
2244
6690
408
2092
5676
7331
1207
8482
4967
7432
739
9546
4046
7145
4215
1358
7809
47
1395
2303
4945
6013
5695
2166
8989
4900
6380
8573
2267
3281
4989
1199
970
7786
5814
8876
1541
5561
7124
1106
2171
3895
5725
6313
5725
9357
7081
2829
5143
5255
7425
4322
7010
7786
1335
6259
2633
1192
1654
5147
2507
5857
1388
8200
2257
6732
8293
9628
7009
1542
3497
1222
3522
7418
3785
4480
1328
3091
6566
8746
6850
6974
8419
8584
1562
1059
2204
2088
2637
2004
8103
8454
5620
4439
5897
4803
7394
3393
7068
2723
4071
260
6336
9622
6532
3658
4448
4729
3168
1298
3079
9918
395
6539
8562
6265
4961
2175
1927
4205
9073
8082
9990
1126
4670
5258
1855
1960
21
577
212
2136
3456
2184
9648
9081
1067
2911
9481
6107
598
2419
2882
1903
5594
2695
2580
6909
2303
8502
1054
841
4364
9271
4891
324
6993
35
9523
4303
594
195
1876
2981
165
1581
6066
1593
7646
2880
6732
494
632
4221
7473
6710
7383
1594
5747
125
187
1201
2604
2215
8824
5598
3694
2646
3124
8745
6095
8448
8529
2640
8452
2129
2395
6505
7917
62
3604
374
2898
2602
5631
7193
2508
27
281
1259
3879
8351
6718
9688
8214
2220
5115
1725
7832
917
640
693
8458
4692
7289
6335
5181
356
2621
500
7225
7678
9702
680
6914
4439
8386
5615
3337
2295
2233
7122
8871
2397
432
4402
7526
5041
3790
2492
2048
7402
317
5134
2124
8081
8227
953
613
198
6514
903
174
5778
3516
2655
3796
4685
7659
7558
6706
400
3535
9256
395
365
5209
9576
8803
7470
521
9076
4398
3356
9971
3421
3374
113
5047
2501
1079
8095
9553
3306
2645
450
6046
8098
4640
3780
2016
9351
1823
4912
1299
677
6971
5961
9825
7697
7237
9355
563
8365
715
1170
618
9625
4343
5962
2109
2700
6216
551
7651
9860
4677
4230
2339
682
5551
532
5994
5577
2054
3917
1597
7968
2127
8487
96
2278
3253
5921
4294
9118
2910
1606
7545
1611
9631
8326
589
4070
1746
4134
992
5438
8774
8871
869
7022
1480
6581
7329
149
465
6417
9013
6194
5472
7313
573
623
5898
2678
5512
4736
6207
4415
2010
1035
7999
8044
5086
3146
1164
3781
8496
4239
6065
9803
9690
71
5155
9167
797
6931
7048
627
4322
9523
9926
174
4545
5523
6684
3284
2066
6026
839
6020
6771
7808
670
707
9785
7265
1278
4490
586
5952
141
4444
1979
5725
2617
59
2677
9113
8721
2283
653
9530
6183
2102
6804
3562
1284
6145
2460
8437
1420
2911
3325
99
260
1125
8454
9474
9441
6862
3656
4056
7058
4960
1567
4519
3217
463
9682
5378
6566
9728
6254
2431
8253
3729
8110
5118
5065
8887
7550
7593
2041
8871
4671
9867
6313
7785
1053
1926
9084
4330
8368
3056
8729
8897
1872
8862
6852
7812
5564
3732
1358
1596
6189
1851
8991
4055
6262
8820
323
2812
6079
989
5635
1588
2547
2865
3606
1159
4358
6948
4183
3156
8587
2944
2297
4086
8660
4105
6728
3443
2811
2136
3570
5734
1714
6054
726
6608
9494
1559
747
1210
3609
3529
8452
510
7423
333
5538
935
265
4277
2027
5206
5217
3039
1834
9270
5589
4705
9367
8755
9879
5109
7833
8134
3668
3479
2936
8820
308
6781
5256
6584
1890
1990
1747
8989
8508
4534
5206
481
1325
5521
7679
9639
2361
5381
2805
5179
1433
8061
1832
747
2264
964
2939
2308
5244
1671
4576
9883
2713
3422
6930
2350
9491
8860
1160
4905
2050
7060
5401
7917
4139
6927
2283
6750
1165
1339
3137
1756
89
7910
1732
9253
3125
3500
2912
8216
7522
1117
6211
125
6685
6979
5778
2212
7331
194
1804
43
1961
9456
3075
2275
1499
7687
7528
4133
3203
7769
4918
2625
5036
3700
2754
4168
967
310
401
2267
3934
1410
651
5474
3704
8435
5966
5250
2524
529
7638
7945
1961
2594
4876
108
3013
8867
8413
7747
7092
9783
2700
3394
3180
3982
6362
3756
9190
7242
3285
83
8568
5086
2319
6387
6753
5336
6897
3600
692
7968
3167
6060
1737
65
1613
1646
6176
3400
3250
6384
184
1819
2428
8887
1007
7485
101
6344
1002
6703
836
6505
9559
3784
6183
4454
4785
7943
6592
4774
9188
6328
8973
6365
6946
7558
1021
802
838
7169
8127
6132
5798
3808
6973
376
7358
7576
2058
3094
5579
6589
9255
5590
8469
9320
2220
1333
1024
8619
5541
1036
9412
1297
650
9202
3052
713
6068
9009
7501
7924
7981
4215
8760
3932
1672
1118
8961
2264
3633
765
8064
5821
4437
5072
1976
920
9253
4278
9126
9673
8391
1098
5116
3202
9870
7749
3183
1729
2811
8609
3486
825
2755
7921
5396
9704
6019
5279
4896
9732
6770
1717
642
9879
1974
209
809
6909
9418
611
5323
9980
6718
8424
6244
2547
1615
780
275
1062
841
6700
4001
5673
1242
7370
771
1355
6440
1780
4898
4501
6726
5607
1466
6962
8851
4399
7423
8562
2628
3251
6279
9434
4563
1855
6787
1710
4183
4369
7695
5729
70
4056
2141
9676
7241
8282
8685
5677
6287
8758
8289
9570
9300
457
189
4599
1747
5796
20
9020
9338
7949
161
8955
125
517
1395
472
878
2955
5853
8234
1179
671
588
4681
632
6441
1674
7720
5839
8027
6739
1508
3605
7124
9670
3038
9806
1767
8526
1606
1620
6059
9410
488
2996
9988
4298
3260
3850
6578
3891
2104
9007
5752
9908
2713
143
3232
3778
786
2304
3388
2577
5363
2063
6528
9804
1854
8029
591
6918
8742
3786
8996
9666
1465
8001
6754
385
1904
5797
9805
6922
1892
7018
491
3022
2131
1207
5637
540
7507
5354
5090
482
2518
7644
7958
6454
6111
6647
838
7060
5796
6229
1008
841
8645
4123
4825
4127
8412
2726
8342
1561
8709
6676
6991
3506
9776
6407
705
6241
468
6053
2596
7488
4534
6628
764
9757
1898
2820
6451
3168
10
2653
7479
8814
1509
7274
1888
7886
1129
1190
724
5930
9156
838
2110
8984
6055
567
8317
8361
4348
2394
4585
8513
7610
5837
9900
281
9095
637
1662
114
6029
7304
8321
971
1632
3063
7614
9140
1343
5515
5551
4115
8088
2056
6383
3271
7089
128
6719
1420
6548
2065
6187
831
5355
8177
7612
1170
5837
5576
8847
2353
5911
7744
1814
8966
7775
8489
2589
4954
7749
4416
9792
4477
9690
9808
5098
4233
869
1001
1457
1442
5492
2448
4513
9600
3248
1560
54
3231
1285
8351
7902
6694
816
2076
6302
4888
793
3016
2148
3048
5379
6074
4941
1344
866
4968
4456
5924
29
714
6442
4882
8931
9553
355
2333
6946
5512
673
4314
8390
3834
9635
3370
7616
4484
5729
7865
7031
3036
3611
6262
4979
7523
6399
548
5079
6407
5407
3681
1838
108
5650
5237
4570
7387
6489
6125
6745
1803
2980
1001
8361
1056
9607
2194
2285
4161
6872
2992
3857
9102
2442
4251
1930
6338
6862
9425
4050
1621
5352
1799
9282
5030
8656
4739
2208
5815
4907
4266
348
3816
1625
3077
662
1513
7056
2569
8210
9146
2105
6871
2430
8693
8857
7329
723
639
4627
5742
3290
571
5371
5856
8913
176
7870
4356
8830
2700
1281
6858
100
9944
8551
7366
6852
861
439
86
6181
5255
3869
7604
2167
1754
2288
3694
1556
7395
8052
2612
3800
4608
1297
7618
226
5250
5763
3792
6284
7298
499
1894
216
1890
1302
2195
2907
1685
197
4384
1631
4385
205
6496
739
2388
1383
8363
965
8581
6635
5276
3139
4780
8176
5671
7358
1573
5943
1486
1905
5793
4969
4182
7857
206
3022
3558
2436
3496
448
2992
7399
1743
9215
9123
7915
8859
2934
4240
5663
9485
1630
4315
7124
4600
1970
3717
9085
2704
9314
152
8517
4066
2475
7490
2054
7684
9687
2789
6231
2734
4530
4094
966
4777
141
2565
646
1895
9558
2116
2538
8708
967
748
2595
6203
3389
8884
1590
1052
2380
8468
5506
2156
1090
6865
9248
5965
4569
8889
4411
8304
529
2690
1683
5320
6750
2637
5213
3617
3709
5137
349
929
7100
9862
7415
6957
2363
9582
5697
2335
1710
6619
6045
9799
4260
781
518
7232
4845
7898
5353
501
7447
1667
7383
211
1177
8357
8919
8608
3668
8797
9729
3068
5319
144
472
2855
9730
410
9640
7284
2238
756
8801
3660
5723
7292
7121
4214
9449
9056
8457
6549
3499
6266
6697
2370
8392
8547
1790
8380
324
3713
4253
6430
2047
7123
1680
2352
3852
2783
6288
2704
1733
4073
6227
7330
2893
2343
6649
5717
1222
5874
4146
3369
1652
2384
1202
2494
6194
2464
5943
5838
7619
1157
2138
4558
8236
2295
1972
3600
6768
8774
8692
1485
8027
192
6270
8561
2404
4229
2405
1095
301
602
1100
7575
3020
2731
2650
7358
7983
9172
6220
6349
4875
1985
703
7076
3206
8660
3311
8912
6966
39
6233
1522
4553
2547
8968
7570
7334
6368
9566
4708
2420
4222
7328
7178
9002
3443
1896
1514
4455
5398
4021
2209
1699
2172
5749
9688
1877
7953
8678
1991
7686
6122
4010
9559
7573
2232
1545
8732
9981
62
715
8066
6149
1991
790
9879
9142
7474
9972
1130
4674
4912
6233
2643
3074
48
3876
3107
6465
7879
9316
4541
3080
1686
8989
